50;50
0;242;232;227
1;224;201;195
2;192;149;138
3;158;146;150
4;160;119;110
5;96;88;93
6;52;51;59
7;25;25;29
0;0;6
1;0;6
2;0;6
3;0;6
4;0;5
5;0;5
6;0;6
7;0;6
8;0;6
9;0;6
10;0;6
11;0;7
12;0;6
13;0;1
14;0;1
15;0;3
16;0;4
17;0;5
18;0;5
19;0;5
20;0;6
21;0;6
22;0;5
23;0;5
24;0;5
25;0;5
26;0;5
27;0;5
28;0;5
29;0;5
30;0;5
31;0;5
32;0;5
33;0;5
34;0;5
35;0;5
36;0;5
37;0;6
38;0;6
39;0;6
40;0;6
41;0;6
42;0;6
43;0;6
44;0;6
45;0;6
46;0;6
47;0;6
48;0;6
49;0;6
0;1;6
1;1;5
2;1;5
3;1;6
4;1;5
5;1;5
6;1;6
7;1;5
8;1;5
9;1;5
10;1;5
11;1;6
12;1;6
13;1;1
14;1;1
15;1;3
16;1;4
17;1;5
18;1;5
19;1;5
20;1;5
21;1;5
22;1;5
23;1;5
24;1;5
25;1;5
26;1;5
27;1;5
28;1;5
29;1;5
30;1;5
31;1;5
32;1;3
33;1;1
34;1;3
35;1;4
36;1;5
37;1;5
38;1;6
39;1;6
40;1;6
41;1;6
42;1;6
43;1;6
44;1;6
45;1;6
46;1;6
47;1;6
48;1;6
49;1;6
0;2;6
1;2;7
2;2;6
3;2;7
4;2;6
5;2;6
6;2;6
7;2;6
8;2;6
9;2;6
10;2;6
11;2;6
12;2;6
13;2;1
14;2;1
15;2;3
16;2;4
17;2;5
18;2;5
19;2;6
20;2;5
21;2;5
22;2;5
23;2;5
24;2;1
25;2;1
26;2;1
27;2;1
28;2;2
29;2;4
30;2;4
31;2;1
32;2;0
33;2;0
34;2;0
35;2;0
36;2;3
37;2;5
38;2;5
39;2;5
40;2;4
41;2;3
42;2;1
43;2;1
44;2;1
45;2;3
46;2;3
47;2;4
48;2;6
49;2;6
0;3;6
1;3;6
2;3;6
3;3;6
4;3;6
5;3;6
6;3;6
7;3;6
8;3;6
9;3;6
10;3;6
11;3;6
12;3;6
13;3;3
14;3;1
15;3;3
16;3;4
17;3;5
18;3;5
19;3;6
20;3;5
21;3;5
22;3;6
23;3;3
24;3;0
25;3;0
26;3;0
27;3;0
28;3;0
29;3;0
30;3;1
31;3;0
32;3;0
33;3;0
34;3;0
35;3;0
36;3;0
37;3;3
38;3;5
39;3;3
40;3;0
41;3;0
42;3;0
43;3;0
44;3;0
45;3;0
46;3;0
47;3;3
48;3;6
49;3;6
0;4;6
1;4;6
2;4;6
3;4;6
4;4;6
5;4;6
6;4;6
7;4;6
8;4;6
9;4;6
10;4;6
11;4;6
12;4;6
13;4;3
14;4;1
15;4;3
16;4;4
17;4;5
18;4;5
19;4;6
20;4;6
21;4;5
22;4;6
23;4;1
24;4;0
25;4;0
26;4;0
27;4;0
28;4;0
29;4;1
30;4;0
31;4;1
32;4;0
33;4;0
34;4;1
35;4;0
36;4;0
37;4;1
38;4;3
39;4;5
40;4;1
41;4;0
42;4;0
43;4;0
44;4;0
45;4;0
46;4;0
47;4;3
48;4;6
49;4;6
0;5;6
1;5;6
2;5;6
3;5;6
4;5;6
5;5;6
6;5;6
7;5;6
8;5;6
9;5;6
10;5;6
11;5;6
12;5;6
13;5;3
14;5;1
15;5;3
16;5;4
17;5;4
18;5;5
19;5;6
20;5;6
21;5;5
22;5;5
23;5;0
24;5;0
25;5;0
26;5;0
27;5;0
28;5;0
29;5;0
30;5;0
31;5;1
32;5;1
33;5;0
34;5;2
35;5;1
36;5;1
37;5;1
38;5;3
39;5;4
40;5;3
41;5;1
42;5;0
43;5;0
44;5;0
45;5;0
46;5;0
47;5;1
48;5;6
49;5;6
0;6;6
1;6;6
2;6;6
3;6;6
4;6;6
5;6;6
6;6;5
7;6;5
8;6;5
9;6;6
10;6;6
11;6;6
12;6;6
13;6;3
14;6;1
15;6;3
16;6;4
17;6;4
18;6;5
19;6;6
20;6;6
21;6;6
22;6;5
23;6;0
24;6;0
25;6;0
26;6;0
27;6;0
28;6;1
29;6;0
30;6;1
31;6;5
32;6;5
33;6;1
34;6;3
35;6;4
36;6;1
37;6;2
38;6;3
39;6;3
40;6;3
41;6;1
42;6;0
43;6;0
44;6;0
45;6;0
46;6;0
47;6;3
48;6;6
49;6;7
0;7;6
1;7;6
2;7;6
3;7;6
4;7;5
5;7;6
6;7;5
7;7;3
8;7;1
9;7;5
10;7;6
11;7;6
12;7;6
13;7;3
14;7;1
15;7;3
16;7;4
17;7;4
18;7;5
19;7;6
20;7;6
21;7;6
22;7;5
23;7;0
24;7;0
25;7;0
26;7;0
27;7;0
28;7;1
29;7;0
30;7;2
31;7;6
32;7;6
33;7;5
34;7;2
35;7;5
36;7;5
37;7;3
38;7;3
39;7;3
40;7;3
41;7;3
42;7;0
43;7;0
44;7;0
45;7;0
46;7;1
47;7;3
48;7;6
49;7;7
0;8;6
1;8;6
2;8;6
3;8;5
4;8;5
5;8;5
6;8;2
7;8;2
8;8;2
9;8;2
10;8;5
11;8;6
12;8;6
13;8;3
14;8;2
15;8;3
16;8;4
17;8;4
18;8;5
19;8;6
20;8;6
21;8;5
22;8;4
23;8;0
24;8;0
25;8;0
26;8;0
27;8;0
28;8;1
29;8;1
30;8;3
31;8;7
32;8;5
33;8;2
34;8;2
35;8;2
36;8;2
37;8;4
38;8;3
39;8;3
40;8;3
41;8;3
42;8;0
43;8;0
44;8;0
45;8;0
46;8;1
47;8;3
48;8;7
49;8;7
0;9;7
1;9;6
2;9;5
3;9;5
4;9;3
5;9;2
6;9;2
7;9;4
8;9;2
9;9;2
10;9;4
11;9;6
12;9;6
13;9;3
14;9;2
15;9;3
16;9;3
17;9;3
18;9;5
19;9;5
20;9;0
21;9;1
22;9;1
23;9;0
24;9;0
25;9;0
26;9;0
27;9;1
28;9;1
29;9;1
30;9;4
31;9;5
32;9;1
33;9;0
34;9;1
35;9;1
36;9;0
37;9;2
38;9;3
39;9;3
40;9;4
41;9;4
42;9;1
43;9;0
44;9;0
45;9;0
46;9;1
47;9;5
48;9;7
49;9;7
0;10;6
1;10;6
2;10;6
3;10;5
4;10;3
5;10;2
6;10;4
7;10;4
8;10;5
9;10;2
10;10;4
11;10;6
12;10;6
13;10;4
14;10;3
15;10;3
16;10;3
17;10;3
18;10;5
19;10;1
20;10;0
21;10;1
22;10;1
23;10;1
24;10;0
25;10;0
26;10;0
27;10;0
28;10;2
29;10;2
30;10;4
31;10;2
32;10;0
33;10;1
34;10;1
35;10;1
36;10;0
37;10;4
38;10;5
39;10;3
40;10;5
41;10;3
42;10;0
43;10;0
44;10;0
45;10;0
46;10;1
47;10;5
48;10;7
49;10;7
0;11;6
1;11;6
2;11;6
3;11;6
4;11;4
5;11;2
6;11;4
7;11;2
8;11;4
9;11;2
10;11;2
11;11;6
12;11;6
13;11;5
14;11;3
15;11;3
16;11;3
17;11;5
18;11;3
19;11;0
20;11;1
21;11;1
22;11;1
23;11;2
24;11;1
25;11;0
26;11;1
27;11;2
28;11;1
29;11;1
30;11;1
31;11;1
32;11;1
33;11;0
34;11;0
35;11;0
36;11;2
37;11;5
38;11;5
39;11;5
40;11;3
41;11;0
42;11;0
43;11;0
44;11;0
45;11;0
46;11;1
47;11;5
48;11;5
49;11;5
0;12;6
1;12;5
2;12;5
3;12;6
4;12;4
5;12;4
6;12;4
7;12;2
8;12;2
9;12;2
10;12;2
11;12;5
12;12;6
13;12;3
14;12;3
15;12;4
16;12;3
17;12;1
18;12;0
19;12;1
20;12;1
21;12;1
22;12;1
23;12;2
24;12;2
25;12;3
26;12;6
27;12;2
28;12;1
29;12;1
30;12;1
31;12;2
32;12;4
33;12;2
34;12;1
35;12;4
36;12;5
37;12;5
38;12;4
39;12;3
40;12;1
41;12;0
42;12;0
43;12;0
44;12;0
45;12;0
46;12;1
47;12;3
48;12;3
49;12;3
0;13;6
1;13;6
2;13;6
3;13;5
4;13;2
5;13;4
6;13;2
7;13;2
8;13;2
9;13;2
10;13;2
11;13;4
12;13;5
13;13;3
14;13;3
15;13;1
16;13;0
17;13;0
18;13;0
19;13;0
20;13;0
21;13;1
22;13;1
23;13;2
24;13;2
25;13;6
26;13;3
27;13;0
28;13;1
29;13;1
30;13;2
31;13;2
32;13;4
33;13;6
34;13;7
35;13;7
36;13;7
37;13;3
38;13;3
39;13;3
40;13;3
41;13;3
42;13;1
43;13;0
44;13;0
45;13;0
46;13;4
47;13;5
48;13;3
49;13;3
0;14;6
1;14;6
2;14;6
3;14;5
4;14;4
5;14;2
6;14;2
7;14;2
8;14;2
9;14;2
10;14;2
11;14;4
12;14;5
13;14;3
14;14;1
15;14;0
16;14;0
17;14;0
18;14;0
19;14;1
20;14;1
21;14;2
22;14;2
23;14;2
24;14;4
25;14;4
26;14;0
27;14;1
28;14;1
29;14;1
30;14;1
31;14;2
32;14;2
33;14;5
34;14;6
35;14;6
36;14;6
37;14;6
38;14;5
39;14;6
40;14;6
41;14;6
42;14;5
43;14;3
44;14;3
45;14;3
46;14;6
47;14;6
48;14;5
49;14;3
0;15;5
1;15;5
2;15;5
3;15;5
4;15;1
5;15;2
6;15;2
7;15;2
8;15;2
9;15;2
10;15;2
11;15;5
12;15;5
13;15;1
14;15;0
15;15;0
16;15;0
17;15;1
18;15;1
19;15;2
20;15;2
21;15;2
22;15;2
23;15;4
24;15;2
25;15;1
26;15;0
27;15;0
28;15;0
29;15;1
30;15;2
31;15;2
32;15;2
33;15;4
34;15;5
35;15;5
36;15;5
37;15;6
38;15;6
39;15;6
40;15;6
41;15;6
42;15;7
43;15;5
44;15;3
45;15;5
46;15;6
47;15;6
48;15;7
49;15;6
0;16;5
1;16;5
2;16;5
3;16;5
4;16;2
5;16;2
6;16;2
7;16;2
8;16;2
9;16;2
10;16;4
11;16;3
12;16;0
13;16;0
14;16;0
15;16;1
16;16;1
17;16;2
18;16;2
19;16;2
20;16;2
21;16;2
22;16;4
23;16;4
24;16;0
25;16;0
26;16;0
27;16;0
28;16;1
29;16;1
30;16;2
31;16;2
32;16;4
33;16;2
34;16;2
35;16;3
36;16;5
37;16;5
38;16;6
39;16;6
40;16;6
41;16;6
42;16;7
43;16;7
44;16;5
45;16;5
46;16;6
47;16;7
48;16;7
49;16;5
0;17;5
1;17;5
2;17;5
3;17;5
4;17;4
5;17;2
6;17;4
7;17;2
8;17;2
9;17;2
10;17;2
11;17;0
12;17;0
13;17;0
14;17;1
15;17;2
16;17;2
17;17;2
18;17;2
19;17;2
20;17;2
21;17;4
22;17;4
23;17;0
24;17;0
25;17;0
26;17;0
27;17;1
28;17;1
29;17;2
30;17;2
31;17;4
32;17;4
33;17;4
34;17;6
35;17;6
36;17;6
37;17;6
38;17;7
39;17;7
40;17;7
41;17;6
42;17;6
43;17;7
44;17;4
45;17;3
46;17;4
47;17;5
48;17;6
49;17;4
0;18;5
1;18;5
2;18;5
3;18;5
4;18;5
5;18;2
6;18;2
7;18;2
8;18;2
9;18;2
10;18;2
11;18;1
12;18;1
13;18;2
14;18;2
15;18;2
16;18;2
17;18;2
18;18;2
19;18;2
20;18;2
21;18;5
22;18;1
23;18;0
24;18;0
25;18;0
26;18;1
27;18;2
28;18;2
29;18;2
30;18;2
31;18;4
32;18;2
33;18;4
34;18;6
35;18;6
36;18;6
37;18;7
38;18;7
39;18;7
40;18;7
41;18;6
42;18;6
43;18;6
44;18;6
45;18;3
46;18;3
47;18;1
48;18;1
49;18;3
0;19;5
1;19;5
2;19;5
3;19;3
4;19;5
5;19;4
6;19;2
7;19;2
8;19;2
9;19;2
10;19;2
11;19;2
12;19;2
13;19;2
14;19;2
15;19;2
16;19;2
17;19;2
18;19;2
19;19;2
20;19;4
21;19;1
22;19;0
23;19;0
24;19;1
25;19;1
26;19;2
27;19;2
28;19;2
29;19;2
30;19;4
31;19;4
32;19;2
33;19;4
34;19;7
35;19;7
36;19;7
37;19;7
38;19;7
39;19;7
40;19;7
41;19;7
42;19;7
43;19;7
44;19;7
45;19;5
46;19;3
47;19;1
48;19;3
49;19;3
0;20;5
1;20;5
2;20;5
3;20;5
4;20;5
5;20;4
6;20;2
7;20;2
8;20;2
9;20;2
10;20;2
11;20;2
12;20;2
13;20;2
14;20;2
15;20;2
16;20;2
17;20;2
18;20;4
19;20;4
20;20;1
21;20;0
22;20;0
23;20;1
24;20;1
25;20;2
26;20;2
27;20;2
28;20;2
29;20;2
30;20;4
31;20;4
32;20;2
33;20;2
34;20;6
35;20;7
36;20;7
37;20;7
38;20;7
39;20;7
40;20;7
41;20;7
42;20;7
43;20;7
44;20;7
45;20;4
46;20;1
47;20;0
48;20;3
49;20;3
0;21;5
1;21;5
2;21;5
3;21;4
4;21;1
5;21;0
6;21;0
7;21;2
8;21;2
9;21;2
10;21;2
11;21;2
12;21;4
13;21;4
14;21;4
15;21;2
16;21;2
17;21;4
18;21;4
19;21;1
20;21;0
21;21;0
22;21;1
23;21;1
24;21;2
25;21;2
26;21;2
27;21;2
28;21;2
29;21;2
30;21;5
31;21;4
32;21;2
33;21;2
34;21;5
35;21;6
36;21;7
37;21;7
38;21;7
39;21;7
40;21;7
41;21;7
42;21;7
43;21;7
44;21;5
45;21;3
46;21;1
47;21;1
48;21;3
49;21;3
0;22;5
1;22;4
2;22;1
3;22;0
4;22;0
5;22;0
6;22;0
7;22;1
8;22;2
9;22;2
10;22;2
11;22;4
12;22;4
13;22;1
14;22;1
15;22;2
16;22;4
17;22;4
18;22;1
19;22;0
20;22;1
21;22;1
22;22;2
23;22;2
24;22;2
25;22;2
26;22;2
27;22;2
28;22;2
29;22;4
30;22;5
31;22;2
32;22;2
33;22;2
34;22;5
35;22;6
36;22;7
37;22;7
38;22;7
39;22;7
40;22;7
41;22;7
42;22;7
43;22;6
44;22;6
45;22;3
46;22;0
47;22;1
48;22;3
49;22;3
0;23;1
1;23;0
2;23;0
3;23;0
4;23;0
5;23;0
6;23;0
7;23;1
8;23;2
9;23;2
10;23;2
11;23;2
12;23;0
13;23;0
14;23;0
15;23;1
16;23;2
17;23;0
18;23;0
19;23;1
20;23;1
21;23;2
22;23;2
23;23;2
24;23;2
25;23;2
26;23;2
27;23;4
28;23;4
29;23;5
30;23;4
31;23;2
32;23;2
33;23;2
34;23;4
35;23;6
36;23;7
37;23;7
38;23;7
39;23;5
40;23;6
41;23;7
42;23;6
43;23;6
44;23;7
45;23;1
46;23;0
47;23;3
48;23;3
49;23;3
0;24;0
1;24;0
2;24;0
3;24;0
4;24;0
5;24;0
6;24;0
7;24;0
8;24;2
9;24;2
10;24;2
11;24;1
12;24;0
13;24;1
14;24;1
15;24;1
16;24;0
17;24;1
18;24;1
19;24;1
20;24;2
21;24;2
22;24;2
23;24;2
24;24;2
25;24;2
26;24;4
27;24;4
28;24;5
29;24;5
30;24;4
31;24;2
32;24;2
33;24;2
34;24;4
35;24;6
36;24;7
37;24;7
38;24;5
39;24;3
40;24;5
41;24;7
42;24;6
43;24;7
44;24;3
45;24;0
46;24;1
47;24;3
48;24;5
49;24;3
0;25;0
1;25;0
2;25;0
3;25;0
4;25;0
5;25;0
6;25;0
7;25;0
8;25;0
9;25;1
10;25;1
11;25;0
12;25;1
13;25;1
14;25;1
15;25;1
16;25;1
17;25;1
18;25;2
19;25;2
20;25;2
21;25;2
22;25;2
23;25;4
24;25;4
25;25;4
26;25;5
27;25;5
28;25;5
29;25;4
30;25;2
31;25;2
32;25;2
33;25;2
34;25;2
35;25;6
36;25;7
37;25;6
38;25;3
39;25;3
40;25;5
41;25;7
42;25;6
43;25;6
44;25;3
45;25;1
46;25;1
47;25;5
48;25;6
49;25;3
0;26;0
1;26;0
2;26;0
3;26;0
4;26;1
5;26;0
6;26;0
7;26;0
8;26;0
9;26;0
10;26;0
11;26;0
12;26;0
13;26;0
14;26;1
15;26;1
16;26;1
17;26;2
18;26;2
19;26;4
20;26;4
21;26;4
22;26;5
23;26;2
24;26;4
25;26;5
26;26;4
27;26;4
28;26;4
29;26;4
30;26;2
31;26;2
32;26;2
33;26;2
34;26;2
35;26;5
36;26;7
37;26;3
38;26;3
39;26;3
40;26;5
41;26;7
42;26;6
43;26;6
44;26;6
45;26;3
46;26;3
47;26;5
48;26;7
49;26;4
0;27;0
1;27;0
2;27;0
3;27;1
4;27;2
5;27;1
6;27;1
7;27;1
8;27;0
9;27;0
10;27;0
11;27;0
12;27;1
13;27;1
14;27;1
15;27;1
16;27;1
17;27;1
18;27;2
19;27;4
20;27;4
21;27;4
22;27;6
23;27;1
24;27;2
25;27;4
26;27;4
27;27;4
28;27;4
29;27;2
30;27;2
31;27;2
32;27;2
33;27;2
34;27;2
35;27;5
36;27;7
37;27;3
38;27;3
39;27;1
40;27;3
41;27;6
42;27;6
43;27;7
44;27;6
45;27;5
46;27;5
47;27;6
48;27;7
49;27;4
0;28;0
1;28;0
2;28;0
3;28;1
4;28;2
5;28;4
6;28;2
7;28;1
8;28;1
9;28;1
10;28;1
11;28;1
12;28;1
13;28;1
14;28;1
15;28;1
16;28;1
17;28;1
18;28;4
19;28;4
20;28;4
21;28;4
22;28;5
23;28;0
24;28;1
25;28;4
26;28;4
27;28;4
28;28;4
29;28;2
30;28;2
31;28;2
32;28;2
33;28;2
34;28;2
35;28;4
36;28;7
37;28;5
38;28;1
39;28;0
40;28;1
41;28;6
42;28;6
43;28;7
44;28;7
45;28;5
46;28;6
47;28;7
48;28;4
49;28;3
0;29;0
1;29;0
2;29;0
3;29;0
4;29;0
5;29;2
6;29;4
7;29;2
8;29;1
9;29;1
10;29;1
11;29;1
12;29;1
13;29;1
14;29;1
15;29;2
16;29;2
17;29;4
18;29;4
19;29;4
20;29;4
21;29;6
22;29;4
23;29;0
24;29;1
25;29;2
26;29;4
27;29;4
28;29;2
29;29;2
30;29;2
31;29;2
32;29;2
33;29;2
34;29;2
35;29;2
36;29;7
37;29;5
38;29;1
39;29;0
40;29;0
41;29;5
42;29;7
43;29;7
44;29;7
45;29;7
46;29;7
47;29;6
48;29;5
49;29;1
0;30;0
1;30;0
2;30;0
3;30;0
4;30;0
5;30;0
6;30;1
7;30;2
8;30;1
9;30;1
10;30;1
11;30;1
12;30;1
13;30;1
14;30;1
15;30;2
16;30;2
17;30;4
18;30;4
19;30;4
20;30;5
21;30;7
22;30;2
23;30;1
24;30;2
25;30;2
26;30;4
27;30;2
28;30;2
29;30;2
30;30;2
31;30;2
32;30;2
33;30;2
34;30;2
35;30;2
36;30;6
37;30;6
38;30;3
39;30;1
40;30;0
41;30;3
42;30;7
43;30;7
44;30;7
45;30;6
46;30;5
47;30;5
48;30;1
49;30;1
0;31;0
1;31;0
2;31;0
3;31;0
4;31;0
5;31;0
6;31;0
7;31;0
8;31;2
9;31;2
10;31;2
11;31;1
12;31;2
13;31;2
14;31;2
15;31;2
16;31;2
17;31;4
18;31;4
19;31;4
20;31;6
21;31;7
22;31;2
23;31;1
24;31;2
25;31;2
26;31;2
27;31;2
28;31;2
29;31;2
30;31;2
31;31;2
32;31;2
33;31;2
34;31;2
35;31;2
36;31;5
37;31;7
38;31;5
39;31;3
40;31;1
41;31;1
42;31;3
43;31;3
44;31;3
45;31;5
46;31;0
47;31;3
48;31;0
49;31;1
0;32;0
1;32;0
2;32;0
3;32;0
4;32;0
5;32;0
6;32;1
7;32;3
8;32;4
9;32;1
10;32;1
11;32;2
12;32;4
13;32;4
14;32;4
15;32;4
16;32;4
17;32;4
18;32;4
19;32;4
20;32;7
21;32;7
22;32;4
23;32;1
24;32;2
25;32;4
26;32;2
27;32;2
28;32;2
29;32;2
30;32;2
31;32;2
32;32;2
33;32;2
34;32;2
35;32;2
36;32;5
37;32;7
38;32;7
39;32;6
40;32;3
41;32;1
42;32;0
43;32;0
44;32;1
45;32;1
46;32;0
47;32;0
48;32;0
49;32;0
0;33;0
1;33;0
2;33;0
3;33;1
4;33;3
5;33;5
6;33;5
7;33;6
8;33;4
9;33;0
10;33;1
11;33;1
12;33;2
13;33;2
14;33;2
15;33;2
16;33;2
17;33;4
18;33;4
19;33;5
20;33;7
21;33;7
22;33;5
23;33;2
24;33;2
25;33;4
26;33;2
27;33;2
28;33;2
29;33;2
30;33;2
31;33;2
32;33;2
33;33;2
34;33;2
35;33;2
36;33;4
37;33;7
38;33;7
39;33;7
40;33;6
41;33;3
42;33;0
43;33;1
44;33;1
45;33;0
46;33;0
47;33;1
48;33;1
49;33;1
0;34;0
1;34;0
2;34;0
3;34;5
4;34;7
5;34;6
6;34;6
7;34;7
8;34;5
9;34;1
10;34;1
11;34;2
12;34;2
13;34;2
14;34;2
15;34;1
16;34;2
17;34;4
18;34;4
19;34;5
20;34;7
21;34;7
22;34;5
23;34;4
24;34;4
25;34;4
26;34;2
27;34;2
28;34;2
29;34;2
30;34;2
31;34;2
32;34;2
33;34;2
34;34;2
35;34;4
36;34;4
37;34;7
38;34;7
39;34;7
40;34;7
41;34;6
42;34;3
43;34;0
44;34;0
45;34;1
46;34;0
47;34;0
48;34;1
49;34;1
0;35;0
1;35;0
2;35;0
3;35;1
4;35;7
5;35;6
6;35;6
7;35;7
8;35;6
9;35;1
10;35;1
11;35;2
12;35;2
13;35;2
14;35;2
15;35;2
16;35;2
17;35;4
18;35;4
19;35;4
20;35;7
21;35;7
22;35;4
23;35;4
24;35;4
25;35;4
26;35;2
27;35;2
28;35;2
29;35;2
30;35;2
31;35;2
32;35;2
33;35;4
34;35;4
35;35;4
36;35;4
37;35;7
38;35;7
39;35;7
40;35;7
41;35;7
42;35;7
43;35;6
44;35;3
45;35;0
46;35;0
47;35;1
48;35;1
49;35;1
0;36;0
1;36;0
2;36;0
3;36;0
4;36;4
5;36;5
6;36;5
7;36;6
8;36;7
9;36;2
10;36;2
11;36;2
12;36;2
13;36;2
14;36;2
15;36;2
16;36;4
17;36;4
18;36;4
19;36;4
20;36;7
21;36;7
22;36;4
23;36;4
24;36;4
25;36;4
26;36;2
27;36;2
28;36;2
29;36;2
30;36;2
31;36;2
32;36;2
33;36;4
34;36;4
35;36;4
36;36;4
37;36;7
38;36;7
39;36;7
40;36;7
41;36;6
42;36;7
43;36;7
44;36;7
45;36;5
46;36;1
47;36;0
48;36;1
49;36;1
0;37;0
1;37;0
2;37;3
3;37;5
4;37;5
5;37;5
6;37;5
7;37;5
8;37;6
9;37;5
10;37;2
11;37;4
12;37;4
13;37;2
14;37;2
15;37;2
16;37;4
17;37;4
18;37;2
19;37;4
20;37;7
21;37;6
22;37;4
23;37;4
24;37;4
25;37;4
26;37;2
27;37;2
28;37;2
29;37;2
30;37;2
31;37;2
32;37;4
33;37;4
34;37;4
35;37;4
36;37;4
37;37;7
38;37;7
39;37;6
40;37;7
41;37;6
42;37;7
43;37;7
44;37;6
45;37;7
46;37;6
47;37;1
48;37;0
49;37;1
0;38;0
1;38;0
2;38;4
3;38;6
4;38;6
5;38;5
6;38;5
7;38;5
8;38;5
9;38;6
10;38;4
11;38;2
12;38;4
13;38;4
14;38;4
15;38;4
16;38;4
17;38;4
18;38;2
19;38;4
20;38;7
21;38;6
22;38;4
23;38;4
24;38;4
25;38;2
26;38;2
27;38;2
28;38;2
29;38;2
30;38;2
31;38;4
32;38;4
33;38;4
34;38;4
35;38;4
36;38;5
37;38;7
38;38;7
39;38;7
40;38;6
41;38;6
42;38;7
43;38;7
44;38;7
45;38;6
46;38;7
47;38;6
48;38;3
49;38;0
0;39;0
1;39;0
2;39;3
3;39;5
4;39;5
5;39;6
6;39;6
7;39;6
8;39;6
9;39;7
10;39;6
11;39;4
12;39;4
13;39;4
14;39;4
15;39;4
16;39;4
17;39;4
18;39;4
19;39;4
20;39;7
21;39;6
22;39;4
23;39;4
24;39;4
25;39;2
26;39;2
27;39;2
28;39;4
29;39;4
30;39;4
31;39;4
32;39;4
33;39;4
34;39;4
35;39;4
36;39;6
37;39;7
38;39;7
39;39;7
40;39;6
41;39;6
42;39;6
43;39;7
44;39;7
45;39;7
46;39;7
47;39;7
48;39;4
49;39;0
0;40;0
1;40;0
2;40;0
3;40;4
4;40;6
5;40;6
6;40;6
7;40;6
8;40;6
9;40;6
10;40;7
11;40;6
12;40;4
13;40;4
14;40;4
15;40;4
16;40;4
17;40;4
18;40;4
19;40;6
20;40;7
21;40;7
22;40;4
23;40;4
24;40;4
25;40;4
26;40;4
27;40;4
28;40;4
29;40;4
30;40;4
31;40;4
32;40;4
33;40;4
34;40;4
35;40;5
36;40;7
37;40;7
38;40;7
39;40;7
40;40;7
41;40;7
42;40;6
43;40;7
44;40;7
45;40;7
46;40;7
47;40;6
48;40;1
49;40;1
0;41;0
1;41;0
2;41;0
3;41;1
4;41;5
5;41;7
6;41;6
7;41;5
8;41;6
9;41;6
10;41;6
11;41;6
12;41;6
13;41;5
14;41;4
15;41;4
16;41;4
17;41;4
18;41;5
19;41;7
20;41;7
21;41;7
22;41;5
23;41;4
24;41;4
25;41;4
26;41;4
27;41;4
28;41;4
29;41;4
30;41;4
31;41;4
32;41;4
33;41;4
34;41;5
35;41;7
36;41;7
37;41;7
38;41;7
39;41;7
40;41;7
41;41;7
42;41;7
43;41;7
44;41;7
45;41;7
46;41;7
47;41;3
48;41;1
49;41;1
0;42;0
1;42;0
2;42;0
3;42;0
4;42;1
5;42;4
6;42;5
7;42;5
8;42;6
9;42;6
10;42;6
11;42;6
12;42;6
13;42;7
14;42;6
15;42;5
16;42;5
17;42;6
18;42;7
19;42;7
20;42;7
21;42;7
22;42;7
23;42;4
24;42;4
25;42;4
26;42;4
27;42;4
28;42;4
29;42;4
30;42;4
31;42;4
32;42;4
33;42;5
34;42;7
35;42;7
36;42;7
37;42;7
38;42;7
39;42;7
40;42;7
41;42;7
42;42;7
43;42;7
44;42;7
45;42;7
46;42;4
47;42;3
48;42;3
49;42;3
0;43;0
1;43;0
2;43;0
3;43;0
4;43;0
5;43;0
6;43;1
7;43;5
8;43;6
9;43;6
10;43;6
11;43;6
12;43;6
13;43;6
14;43;7
15;43;7
16;43;7
17;43;7
18;43;7
19;43;7
20;43;7
21;43;7
22;43;7
23;43;6
24;43;4
25;43;4
26;43;4
27;43;4
28;43;4
29;43;4
30;43;4
31;43;5
32;43;6
33;43;7
34;43;7
35;43;7
36;43;7
37;43;7
38;43;7
39;43;7
40;43;7
41;43;7
42;43;7
43;43;7
44;43;7
45;43;5
46;43;3
47;43;3
48;43;3
49;43;3
0;44;0
1;44;0
2;44;0
3;44;0
4;44;0
5;44;1
6;44;1
7;44;1
8;44;4
9;44;6
10;44;6
11;44;6
12;44;6
13;44;6
14;44;7
15;44;7
16;44;7
17;44;7
18;44;7
19;44;7
20;44;7
21;44;7
22;44;7
23;44;7
24;44;7
25;44;5
26;44;5
27;44;5
28;44;5
29;44;5
30;44;6
31;44;7
32;44;7
33;44;7
34;44;7
35;44;6
36;44;7
37;44;7
38;44;7
39;44;7
40;44;7
41;44;7
42;44;7
43;44;5
44;44;3
45;44;3
46;44;3
47;44;3
48;44;3
49;44;3
0;45;0
1;45;0
2;45;0
3;45;0
4;45;0
5;45;0
6;45;0
7;45;1
8;45;1
9;45;3
10;45;5
11;45;7
12;45;7
13;45;7
14;45;7
15;45;7
16;45;7
17;45;7
18;45;7
19;45;7
20;45;7
21;45;7
22;45;7
23;45;7
24;45;7
25;45;7
26;45;7
27;45;7
28;45;7
29;45;7
30;45;7
31;45;7
32;45;7
33;45;7
34;45;7
35;45;7
36;45;6
37;45;6
38;45;7
39;45;7
40;45;7
41;45;6
42;45;3
43;45;3
44;45;3
45;45;3
46;45;3
47;45;3
48;45;3
49;45;3
0;46;0
1;46;0
2;46;0
3;46;1
4;46;1
5;46;0
6;46;0
7;46;0
8;46;0
9;46;1
10;46;3
11;46;5
12;46;6
13;46;7
14;46;7
15;46;7
16;46;7
17;46;7
18;46;7
19;46;7
20;46;7
21;46;6
22;46;7
23;46;7
24;46;7
25;46;7
26;46;7
27;46;7
28;46;7
29;46;7
30;46;7
31;46;7
32;46;7
33;46;7
34;46;7
35;46;7
36;46;6
37;46;5
38;46;5
39;46;5
40;46;4
41;46;3
42;46;3
43;46;3
44;46;3
45;46;3
46;46;3
47;46;3
48;46;3
49;46;3
0;47;0
1;47;1
2;47;1
3;47;0
4;47;0
5;47;0
6;47;0
7;47;0
8;47;1
9;47;3
10;47;3
11;47;3
12;47;3
13;47;5
14;47;6
15;47;7
16;47;7
17;47;7
18;47;7
19;47;7
20;47;6
21;47;5
22;47;5
23;47;6
24;47;7
25;47;7
26;47;7
27;47;7
28;47;7
29;47;7
30;47;7
31;47;7
32;47;7
33;47;7
34;47;7
35;47;7
36;47;5
37;47;3
38;47;3
39;47;3
40;47;3
41;47;3
42;47;3
43;47;3
44;47;3
45;47;3
46;47;3
47;47;3
48;47;3
49;47;3
0;48;1
1;48;1
2;48;0
3;48;0
4;48;0
5;48;0
6;48;0
7;48;1
8;48;3
9;48;3
10;48;3
11;48;3
12;48;3
13;48;3
14;48;3
15;48;3
16;48;5
17;48;5
18;48;5
19;48;5
20;48;3
21;48;3
22;48;3
23;48;3
24;48;3
25;48;5
26;48;6
27;48;6
28;48;6
29;48;6
30;48;6
31;48;6
32;48;6
33;48;5
34;48;5
35;48;3
36;48;3
37;48;3
38;48;3
39;48;3
40;48;3
41;48;3
42;48;3
43;48;3
44;48;3
45;48;3
46;48;3
47;48;3
48;48;3
49;48;3
0;49;1
1;49;0
2;49;0
3;49;0
4;49;0
5;49;0
6;49;1
7;49;2
8;49;3
9;49;3
10;49;3
11;49;3
12;49;3
13;49;3
14;49;3
15;49;3
16;49;3
17;49;3
18;49;3
19;49;3
20;49;3
21;49;3
22;49;3
23;49;3
24;49;3
25;49;3
26;49;3
27;49;3
28;49;3
29;49;3
30;49;3
31;49;3
32;49;3
33;49;3
34;49;3
35;49;3
36;49;3
37;49;3
38;49;3
39;49;3
40;49;3
41;49;3
42;49;3
43;49;3
44;49;3
45;49;3
46;49;3
47;49;3
48;49;3
49;49;3
