100;100
0;251;221;13
1;247;178;9
2;169;165;45
3;58;139;126
4;95;99;31
5;28;87;80
6;49;30;11
7;6;24;3
0;0;4
1;0;4
2;0;4
3;0;4
4;0;4
5;0;7
6;0;7
7;0;3
8;0;3
9;0;3
10;0;3
11;0;7
12;0;5
13;0;3
14;0;3
15;0;3
16;0;3
17;0;3
18;0;3
19;0;3
20;0;3
21;0;3
22;0;3
23;0;3
24;0;3
25;0;3
26;0;3
27;0;3
28;0;3
29;0;3
30;0;3
31;0;3
32;0;3
33;0;3
34;0;3
35;0;3
36;0;3
37;0;3
38;0;3
39;0;3
40;0;3
41;0;3
42;0;3
43;0;3
44;0;3
45;0;3
46;0;3
47;0;3
48;0;3
49;0;3
50;0;3
51;0;3
52;0;3
53;0;3
54;0;3
55;0;3
56;0;3
57;0;3
58;0;3
59;0;3
60;0;3
61;0;3
62;0;3
63;0;3
64;0;3
65;0;3
66;0;3
67;0;3
68;0;3
69;0;3
70;0;3
71;0;3
72;0;3
73;0;3
74;0;3
75;0;3
76;0;3
77;0;3
78;0;3
79;0;3
80;0;3
81;0;3
82;0;3
83;0;3
84;0;3
85;0;3
86;0;3
87;0;3
88;0;3
89;0;3
90;0;3
91;0;3
92;0;3
93;0;3
94;0;3
95;0;3
96;0;3
97;0;3
98;0;3
99;0;3
0;1;4
1;1;4
2;1;4
3;1;4
4;1;4
5;1;4
6;1;5
7;1;3
8;1;3
9;1;3
10;1;5
11;1;7
12;1;3
13;1;3
14;1;3
15;1;3
16;1;3
17;1;3
18;1;3
19;1;3
20;1;3
21;1;3
22;1;3
23;1;3
24;1;3
25;1;3
26;1;3
27;1;3
28;1;3
29;1;3
30;1;3
31;1;3
32;1;3
33;1;3
34;1;3
35;1;3
36;1;3
37;1;3
38;1;3
39;1;3
40;1;3
41;1;3
42;1;3
43;1;3
44;1;3
45;1;3
46;1;3
47;1;3
48;1;3
49;1;3
50;1;3
51;1;3
52;1;3
53;1;3
54;1;3
55;1;3
56;1;3
57;1;3
58;1;3
59;1;3
60;1;3
61;1;3
62;1;3
63;1;3
64;1;3
65;1;3
66;1;3
67;1;3
68;1;3
69;1;3
70;1;3
71;1;3
72;1;3
73;1;3
74;1;3
75;1;3
76;1;3
77;1;3
78;1;3
79;1;3
80;1;3
81;1;3
82;1;3
83;1;3
84;1;3
85;1;3
86;1;3
87;1;3
88;1;3
89;1;3
90;1;3
91;1;3
92;1;3
93;1;3
94;1;3
95;1;3
96;1;3
97;1;3
98;1;3
99;1;3
0;2;4
1;2;4
2;2;4
3;2;4
4;2;4
5;2;4
6;2;3
7;2;3
8;2;3
9;2;5
10;2;7
11;2;3
12;2;3
13;2;3
14;2;3
15;2;3
16;2;3
17;2;3
18;2;3
19;2;3
20;2;3
21;2;3
22;2;3
23;2;3
24;2;3
25;2;3
26;2;3
27;2;3
28;2;3
29;2;3
30;2;3
31;2;3
32;2;3
33;2;3
34;2;3
35;2;3
36;2;3
37;2;3
38;2;3
39;2;3
40;2;3
41;2;3
42;2;3
43;2;3
44;2;3
45;2;3
46;2;3
47;2;3
48;2;3
49;2;3
50;2;3
51;2;3
52;2;3
53;2;3
54;2;3
55;2;3
56;2;3
57;2;3
58;2;3
59;2;3
60;2;3
61;2;3
62;2;3
63;2;3
64;2;3
65;2;3
66;2;3
67;2;3
68;2;3
69;2;3
70;2;3
71;2;3
72;2;3
73;2;3
74;2;3
75;2;3
76;2;3
77;2;3
78;2;3
79;2;3
80;2;3
81;2;3
82;2;3
83;2;3
84;2;3
85;2;3
86;2;3
87;2;3
88;2;3
89;2;3
90;2;3
91;2;3
92;2;3
93;2;3
94;2;3
95;2;3
96;2;3
97;2;3
98;2;3
99;2;3
0;3;4
1;3;4
2;3;4
3;3;4
4;3;4
5;3;4
6;3;4
7;3;3
8;3;3
9;3;7
10;3;5
11;3;3
12;3;3
13;3;3
14;3;3
15;3;3
16;3;3
17;3;3
18;3;3
19;3;3
20;3;3
21;3;3
22;3;3
23;3;3
24;3;3
25;3;3
26;3;3
27;3;3
28;3;3
29;3;3
30;3;3
31;3;3
32;3;3
33;3;3
34;3;3
35;3;3
36;3;3
37;3;3
38;3;3
39;3;3
40;3;3
41;3;3
42;3;3
43;3;3
44;3;3
45;3;3
46;3;3
47;3;3
48;3;3
49;3;3
50;3;3
51;3;3
52;3;3
53;3;3
54;3;3
55;3;3
56;3;3
57;3;3
58;3;3
59;3;3
60;3;3
61;3;3
62;3;3
63;3;3
64;3;3
65;3;3
66;3;3
67;3;3
68;3;3
69;3;3
70;3;3
71;3;3
72;3;3
73;3;3
74;3;3
75;3;3
76;3;3
77;3;3
78;3;3
79;3;3
80;3;3
81;3;3
82;3;3
83;3;3
84;3;3
85;3;3
86;3;3
87;3;3
88;3;3
89;3;3
90;3;3
91;3;3
92;3;3
93;3;3
94;3;3
95;3;3
96;3;3
97;3;3
98;3;3
99;3;3
0;4;4
1;4;4
2;4;4
3;4;4
4;4;4
5;4;4
6;4;4
7;4;3
8;4;5
9;4;7
10;4;3
11;4;3
12;4;3
13;4;3
14;4;3
15;4;3
16;4;3
17;4;3
18;4;3
19;4;3
20;4;3
21;4;3
22;4;3
23;4;3
24;4;3
25;4;3
26;4;3
27;4;3
28;4;3
29;4;3
30;4;3
31;4;3
32;4;3
33;4;3
34;4;3
35;4;3
36;4;3
37;4;3
38;4;3
39;4;3
40;4;3
41;4;3
42;4;3
43;4;3
44;4;3
45;4;3
46;4;3
47;4;3
48;4;3
49;4;3
50;4;3
51;4;3
52;4;3
53;4;3
54;4;3
55;4;3
56;4;3
57;4;3
58;4;3
59;4;3
60;4;3
61;4;3
62;4;3
63;4;3
64;4;3
65;4;3
66;4;3
67;4;3
68;4;3
69;4;3
70;4;3
71;4;3
72;4;3
73;4;3
74;4;3
75;4;3
76;4;3
77;4;3
78;4;3
79;4;3
80;4;3
81;4;3
82;4;3
83;4;3
84;4;3
85;4;3
86;4;3
87;4;3
88;4;3
89;4;3
90;4;3
91;4;3
92;4;3
93;4;3
94;4;3
95;4;3
96;4;3
97;4;3
98;4;3
99;4;3
0;5;4
1;5;4
2;5;4
3;5;4
4;5;4
5;5;4
6;5;4
7;5;4
8;5;4
9;5;5
10;5;3
11;5;3
12;5;3
13;5;3
14;5;3
15;5;3
16;5;3
17;5;3
18;5;3
19;5;3
20;5;3
21;5;3
22;5;3
23;5;3
24;5;2
25;5;2
26;5;3
27;5;3
28;5;3
29;5;3
30;5;3
31;5;3
32;5;3
33;5;3
34;5;3
35;5;3
36;5;3
37;5;3
38;5;3
39;5;3
40;5;3
41;5;3
42;5;3
43;5;3
44;5;3
45;5;3
46;5;3
47;5;3
48;5;3
49;5;3
50;5;3
51;5;3
52;5;3
53;5;3
54;5;3
55;5;3
56;5;3
57;5;3
58;5;3
59;5;3
60;5;3
61;5;2
62;5;2
63;5;0
64;5;0
65;5;2
66;5;3
67;5;2
68;5;2
69;5;3
70;5;3
71;5;3
72;5;3
73;5;3
74;5;3
75;5;3
76;5;3
77;5;3
78;5;3
79;5;3
80;5;3
81;5;3
82;5;3
83;5;3
84;5;3
85;5;3
86;5;3
87;5;3
88;5;3
89;5;3
90;5;3
91;5;3
92;5;3
93;5;3
94;5;3
95;5;3
96;5;3
97;5;3
98;5;3
99;5;3
0;6;4
1;6;4
2;6;4
3;6;4
4;6;4
5;6;4
6;6;4
7;6;4
8;6;4
9;6;3
10;6;3
11;6;3
12;6;3
13;6;3
14;6;3
15;6;3
16;6;3
17;6;3
18;6;3
19;6;3
20;6;3
21;6;3
22;6;3
23;6;3
24;6;0
25;6;0
26;6;2
27;6;3
28;6;3
29;6;2
30;6;3
31;6;3
32;6;3
33;6;3
34;6;3
35;6;3
36;6;3
37;6;3
38;6;3
39;6;3
40;6;3
41;6;3
42;6;3
43;6;3
44;6;3
45;6;3
46;6;3
47;6;3
48;6;3
49;6;3
50;6;3
51;6;3
52;6;3
53;6;3
54;6;3
55;6;3
56;6;3
57;6;3
58;6;3
59;6;3
60;6;3
61;6;0
62;6;0
63;6;0
64;6;0
65;6;0
66;6;0
67;6;0
68;6;0
69;6;2
70;6;3
71;6;3
72;6;3
73;6;3
74;6;3
75;6;3
76;6;3
77;6;3
78;6;3
79;6;3
80;6;3
81;6;3
82;6;3
83;6;3
84;6;3
85;6;3
86;6;3
87;6;3
88;6;3
89;6;3
90;6;3
91;6;3
92;6;3
93;6;3
94;6;3
95;6;3
96;6;3
97;6;3
98;6;3
99;6;3
0;7;4
1;7;4
2;7;4
3;7;4
4;7;4
5;7;4
6;7;4
7;7;4
8;7;4
9;7;4
10;7;5
11;7;3
12;7;3
13;7;3
14;7;3
15;7;3
16;7;3
17;7;3
18;7;3
19;7;3
20;7;3
21;7;3
22;7;3
23;7;4
24;7;0
25;7;0
26;7;2
27;7;5
28;7;2
29;7;0
30;7;2
31;7;3
32;7;3
33;7;3
34;7;3
35;7;3
36;7;3
37;7;3
38;7;2
39;7;2
40;7;3
41;7;3
42;7;3
43;7;3
44;7;3
45;7;3
46;7;3
47;7;3
48;7;3
49;7;3
50;7;3
51;7;3
52;7;3
53;7;3
54;7;3
55;7;3
56;7;3
57;7;3
58;7;3
59;7;2
60;7;2
61;7;0
62;7;0
63;7;0
64;7;0
65;7;0
66;7;0
67;7;0
68;7;0
69;7;0
70;7;2
71;7;3
72;7;3
73;7;3
74;7;3
75;7;3
76;7;3
77;7;3
78;7;3
79;7;3
80;7;3
81;7;3
82;7;3
83;7;3
84;7;3
85;7;3
86;7;3
87;7;3
88;7;3
89;7;3
90;7;3
91;7;3
92;7;3
93;7;3
94;7;3
95;7;3
96;7;3
97;7;3
98;7;3
99;7;3
0;8;4
1;8;4
2;8;4
3;8;4
4;8;4
5;8;4
6;8;4
7;8;4
8;8;4
9;8;4
10;8;4
11;8;5
12;8;3
13;8;3
14;8;3
15;8;3
16;8;3
17;8;3
18;8;3
19;8;3
20;8;3
21;8;3
22;8;4
23;8;4
24;8;0
25;8;0
26;8;1
27;8;4
28;8;2
29;8;0
30;8;0
31;8;3
32;8;3
33;8;2
34;8;2
35;8;3
36;8;3
37;8;2
38;8;0
39;8;0
40;8;3
41;8;3
42;8;3
43;8;3
44;8;3
45;8;3
46;8;3
47;8;3
48;8;3
49;8;3
50;8;3
51;8;3
52;8;3
53;8;3
54;8;3
55;8;3
56;8;3
57;8;3
58;8;3
59;8;0
60;8;0
61;8;0
62;8;0
63;8;0
64;8;0
65;8;0
66;8;0
67;8;0
68;8;0
69;8;0
70;8;0
71;8;3
72;8;3
73;8;3
74;8;3
75;8;3
76;8;3
77;8;3
78;8;3
79;8;3
80;8;3
81;8;3
82;8;3
83;8;3
84;8;3
85;8;3
86;8;3
87;8;3
88;8;3
89;8;3
90;8;3
91;8;3
92;8;3
93;8;3
94;8;3
95;8;3
96;8;3
97;8;3
98;8;3
99;8;3
0;9;4
1;9;4
2;9;4
3;9;4
4;9;4
5;9;4
6;9;4
7;9;4
8;9;4
9;9;4
10;9;4
11;9;4
12;9;5
13;9;3
14;9;3
15;9;3
16;9;3
17;9;3
18;9;3
19;9;3
20;9;3
21;9;2
22;9;2
23;9;4
24;9;0
25;9;0
26;9;1
27;9;4
28;9;2
29;9;0
30;9;0
31;9;2
32;9;3
33;9;0
34;9;0
35;9;3
36;9;3
37;9;0
38;9;0
39;9;0
40;9;3
41;9;3
42;9;3
43;9;3
44;9;5
45;9;3
46;9;3
47;9;3
48;9;3
49;9;3
50;9;3
51;9;3
52;9;3
53;9;3
54;9;3
55;9;3
56;9;3
57;9;3
58;9;2
59;9;0
60;9;0
61;9;0
62;9;1
63;9;0
64;9;0
65;9;0
66;9;1
67;9;1
68;9;1
69;9;0
70;9;0
71;9;3
72;9;3
73;9;3
74;9;3
75;9;3
76;9;3
77;9;3
78;9;3
79;9;3
80;9;3
81;9;3
82;9;3
83;9;3
84;9;3
85;9;3
86;9;3
87;9;3
88;9;3
89;9;3
90;9;3
91;9;3
92;9;3
93;9;3
94;9;3
95;9;3
96;9;3
97;9;3
98;9;3
99;9;3
0;10;4
1;10;3
2;10;4
3;10;4
4;10;4
5;10;4
6;10;4
7;10;4
8;10;4
9;10;4
10;10;4
11;10;4
12;10;5
13;10;5
14;10;3
15;10;3
16;10;3
17;10;2
18;10;3
19;10;3
20;10;3
21;10;0
22;10;0
23;10;1
24;10;1
25;10;0
26;10;1
27;10;4
28;10;2
29;10;0
30;10;0
31;10;2
32;10;2
33;10;0
34;10;0
35;10;2
36;10;0
37;10;0
38;10;0
39;10;0
40;10;3
41;10;3
42;10;3
43;10;5
44;10;5
45;10;5
46;10;3
47;10;3
48;10;3
49;10;3
50;10;5
51;10;3
52;10;3
53;10;3
54;10;3
55;10;3
56;10;3
57;10;3
58;10;2
59;10;1
60;10;0
61;10;0
62;10;1
63;10;1
64;10;1
65;10;1
66;10;1
67;10;1
68;10;1
69;10;0
70;10;0
71;10;3
72;10;3
73;10;3
74;10;3
75;10;3
76;10;3
77;10;3
78;10;3
79;10;3
80;10;3
81;10;3
82;10;3
83;10;3
84;10;3
85;10;3
86;10;3
87;10;3
88;10;3
89;10;3
90;10;3
91;10;3
92;10;3
93;10;3
94;10;3
95;10;3
96;10;3
97;10;3
98;10;3
99;10;3
0;11;6
1;11;6
2;11;4
3;11;4
4;11;4
5;11;4
6;11;5
7;11;4
8;11;4
9;11;4
10;11;4
11;11;2
12;11;4
13;11;5
14;11;3
15;11;3
16;11;2
17;11;1
18;11;3
19;11;3
20;11;2
21;11;0
22;11;0
23;11;0
24;11;0
25;11;0
26;11;1
27;11;2
28;11;1
29;11;0
30;11;0
31;11;0
32;11;1
33;11;0
34;11;0
35;11;0
36;11;0
37;11;0
38;11;0
39;11;0
40;11;3
41;11;3
42;11;2
43;11;4
44;11;7
45;11;6
46;11;3
47;11;3
48;11;3
49;11;5
50;11;6
51;11;5
52;11;3
53;11;3
54;11;3
55;11;3
56;11;3
57;11;2
58;11;1
59;11;1
60;11;1
61;11;0
62;11;1
63;11;2
64;11;4
65;11;4
66;11;2
67;11;1
68;11;1
69;11;1
70;11;0
71;11;2
72;11;3
73;11;3
74;11;3
75;11;3
76;11;3
77;11;3
78;11;3
79;11;3
80;11;3
81;11;3
82;11;3
83;11;3
84;11;3
85;11;3
86;11;3
87;11;3
88;11;3
89;11;3
90;11;3
91;11;3
92;11;3
93;11;3
94;11;3
95;11;3
96;11;3
97;11;3
98;11;3
99;11;3
0;12;6
1;12;7
2;12;7
3;12;7
4;12;7
5;12;7
6;12;7
7;12;4
8;12;4
9;12;4
10;12;4
11;12;2
12;12;4
13;12;4
14;12;5
15;12;3
16;12;2
17;12;0
18;12;2
19;12;3
20;12;2
21;12;0
22;12;0
23;12;0
24;12;0
25;12;0
26;12;1
27;12;2
28;12;0
29;12;0
30;12;0
31;12;0
32;12;0
33;12;0
34;12;0
35;12;0
36;12;0
37;12;0
38;12;0
39;12;0
40;12;3
41;12;2
42;12;0
43;12;4
44;12;7
45;12;5
46;12;5
47;12;3
48;12;3
49;12;5
50;12;6
51;12;6
52;12;5
53;12;5
54;12;3
55;12;3
56;12;3
57;12;0
58;12;0
59;12;1
60;12;1
61;12;1
62;12;4
63;12;6
64;12;6
65;12;6
66;12;6
67;12;4
68;12;1
69;12;1
70;12;0
71;12;0
72;12;2
73;12;3
74;12;3
75;12;3
76;12;3
77;12;3
78;12;3
79;12;3
80;12;3
81;12;3
82;12;3
83;12;3
84;12;3
85;12;3
86;12;3
87;12;3
88;12;3
89;12;3
90;12;3
91;12;3
92;12;3
93;12;3
94;12;3
95;12;3
96;12;3
97;12;3
98;12;3
99;12;3
0;13;6
1;13;7
2;13;7
3;13;7
4;13;7
5;13;6
6;13;6
7;13;6
8;13;4
9;13;4
10;13;4
11;13;4
12;13;2
13;13;4
14;13;4
15;13;3
16;13;2
17;13;0
18;13;2
19;13;3
20;13;2
21;13;0
22;13;0
23;13;0
24;13;0
25;13;0
26;13;1
27;13;2
28;13;0
29;13;0
30;13;0
31;13;1
32;13;0
33;13;0
34;13;0
35;13;0
36;13;0
37;13;0
38;13;0
39;13;2
40;13;2
41;13;0
42;13;0
43;13;2
44;13;7
45;13;6
46;13;5
47;13;5
48;13;5
49;13;5
50;13;6
51;13;6
52;13;6
53;13;5
54;13;5
55;13;5
56;13;3
57;13;0
58;13;0
59;13;0
60;13;1
61;13;2
62;13;6
63;13;6
64;13;6
65;13;6
66;13;6
67;13;6
68;13;1
69;13;1
70;13;0
71;13;0
72;13;0
73;13;3
74;13;3
75;13;3
76;13;3
77;13;3
78;13;3
79;13;3
80;13;3
81;13;3
82;13;3
83;13;3
84;13;3
85;13;3
86;13;3
87;13;3
88;13;3
89;13;3
90;13;3
91;13;3
92;13;3
93;13;3
94;13;3
95;13;3
96;13;3
97;13;3
98;13;3
99;13;3
0;14;6
1;14;7
2;14;7
3;14;7
4;14;6
5;14;6
6;14;6
7;14;6
8;14;6
9;14;4
10;14;4
11;14;4
12;14;4
13;14;4
14;14;4
15;14;4
16;14;2
17;14;1
18;14;1
19;14;2
20;14;2
21;14;0
22;14;0
23;14;0
24;14;1
25;14;0
26;14;1
27;14;2
28;14;0
29;14;0
30;14;1
31;14;1
32;14;0
33;14;0
34;14;0
35;14;0
36;14;0
37;14;0
38;14;0
39;14;2
40;14;0
41;14;0
42;14;0
43;14;2
44;14;7
45;14;6
46;14;6
47;14;6
48;14;5
49;14;5
50;14;6
51;14;6
52;14;6
53;14;7
54;14;6
55;14;6
56;14;4
57;14;1
58;14;0
59;14;0
60;14;1
61;14;4
62;14;6
63;14;6
64;14;6
65;14;6
66;14;6
67;14;6
68;14;4
69;14;1
70;14;0
71;14;0
72;14;0
73;14;2
74;14;3
75;14;3
76;14;3
77;14;3
78;14;3
79;14;3
80;14;3
81;14;3
82;14;3
83;14;3
84;14;3
85;14;3
86;14;3
87;14;3
88;14;3
89;14;3
90;14;3
91;14;3
92;14;3
93;14;3
94;14;3
95;14;3
96;14;3
97;14;3
98;14;3
99;14;3
0;15;7
1;15;7
2;15;7
3;15;7
4;15;6
5;15;6
6;15;6
7;15;6
8;15;7
9;15;7
10;15;4
11;15;2
12;15;2
13;15;4
14;15;4
15;15;4
16;15;2
17;15;1
18;15;1
19;15;1
20;15;2
21;15;0
22;15;0
23;15;0
24;15;1
25;15;0
26;15;1
27;15;1
28;15;0
29;15;0
30;15;1
31;15;1
32;15;0
33;15;1
34;15;0
35;15;0
36;15;0
37;15;0
38;15;0
39;15;1
40;15;0
41;15;0
42;15;0
43;15;2
44;15;6
45;15;5
46;15;6
47;15;6
48;15;6
49;15;6
50;15;6
51;15;6
52;15;6
53;15;7
54;15;6
55;15;6
56;15;2
57;15;0
58;15;0
59;15;0
60;15;1
61;15;6
62;15;6
63;15;6
64;15;6
65;15;6
66;15;6
67;15;6
68;15;6
69;15;1
70;15;1
71;15;1
72;15;1
73;15;2
74;15;3
75;15;3
76;15;3
77;15;3
78;15;3
79;15;3
80;15;3
81;15;3
82;15;3
83;15;3
84;15;3
85;15;3
86;15;3
87;15;3
88;15;3
89;15;3
90;15;3
91;15;3
92;15;3
93;15;3
94;15;3
95;15;3
96;15;3
97;15;3
98;15;3
99;15;3
0;16;7
1;16;7
2;16;7
3;16;7
4;16;5
5;16;6
6;16;6
7;16;6
8;16;7
9;16;6
10;16;2
11;16;0
12;16;2
13;16;4
14;16;4
15;16;4
16;16;2
17;16;1
18;16;1
19;16;1
20;16;1
21;16;0
22;16;0
23;16;0
24;16;0
25;16;0
26;16;1
27;16;1
28;16;0
29;16;0
30;16;0
31;16;1
32;16;0
33;16;1
34;16;0
35;16;0
36;16;0
37;16;0
38;16;1
39;16;0
40;16;0
41;16;0
42;16;0
43;16;2
44;16;6
45;16;5
46;16;5
47;16;6
48;16;4
49;16;4
50;16;6
51;16;6
52;16;6
53;16;6
54;16;6
55;16;6
56;16;2
57;16;0
58;16;0
59;16;0
60;16;1
61;16;6
62;16;6
63;16;6
64;16;7
65;16;7
66;16;6
67;16;6
68;16;6
69;16;1
70;16;1
71;16;1
72;16;0
73;16;2
74;16;3
75;16;3
76;16;3
77;16;3
78;16;3
79;16;3
80;16;3
81;16;3
82;16;3
83;16;3
84;16;3
85;16;3
86;16;3
87;16;3
88;16;3
89;16;3
90;16;3
91;16;3
92;16;3
93;16;3
94;16;3
95;16;3
96;16;3
97;16;3
98;16;3
99;16;3
0;17;7
1;17;7
2;17;7
3;17;5
4;17;5
5;17;5
6;17;6
7;17;6
8;17;7
9;17;4
10;17;1
11;17;1
12;17;1
13;17;2
14;17;4
15;17;4
16;17;1
17;17;1
18;17;1
19;17;1
20;17;1
21;17;0
22;17;0
23;17;0
24;17;1
25;17;1
26;17;1
27;17;0
28;17;0
29;17;0
30;17;0
31;17;1
32;17;0
33;17;0
34;17;0
35;17;0
36;17;0
37;17;0
38;17;0
39;17;0
40;17;0
41;17;0
42;17;0
43;17;2
44;17;7
45;17;4
46;17;2
47;17;2
48;17;0
49;17;4
50;17;7
51;17;7
52;17;6
53;17;5
54;17;6
55;17;7
56;17;4
57;17;0
58;17;0
59;17;0
60;17;0
61;17;4
62;17;6
63;17;6
64;17;6
65;17;6
66;17;6
67;17;6
68;17;4
69;17;1
70;17;0
71;17;0
72;17;0
73;17;2
74;17;3
75;17;3
76;17;3
77;17;3
78;17;3
79;17;3
80;17;3
81;17;3
82;17;3
83;17;3
84;17;3
85;17;3
86;17;3
87;17;3
88;17;3
89;17;3
90;17;3
91;17;3
92;17;3
93;17;3
94;17;3
95;17;3
96;17;3
97;17;3
98;17;3
99;17;3
0;18;7
1;18;7
2;18;7
3;18;5
4;18;5
5;18;5
6;18;7
7;18;6
8;18;4
9;18;4
10;18;1
11;18;1
12;18;1
13;18;1
14;18;4
15;18;4
16;18;0
17;18;1
18;18;1
19;18;1
20;18;1
21;18;0
22;18;0
23;18;1
24;18;1
25;18;1
26;18;1
27;18;0
28;18;0
29;18;0
30;18;1
31;18;1
32;18;0
33;18;0
34;18;0
35;18;0
36;18;0
37;18;0
38;18;0
39;18;0
40;18;0
41;18;0
42;18;0
43;18;4
44;18;6
45;18;0
46;18;0
47;18;0
48;18;2
49;18;7
50;18;6
51;18;6
52;18;6
53;18;5
54;18;7
55;18;6
56;18;6
57;18;2
58;18;0
59;18;0
60;18;0
61;18;1
62;18;6
63;18;6
64;18;6
65;18;6
66;18;6
67;18;6
68;18;1
69;18;0
70;18;0
71;18;0
72;18;0
73;18;2
74;18;3
75;18;3
76;18;3
77;18;3
78;18;3
79;18;3
80;18;3
81;18;3
82;18;3
83;18;3
84;18;3
85;18;3
86;18;3
87;18;3
88;18;3
89;18;3
90;18;3
91;18;3
92;18;3
93;18;3
94;18;3
95;18;3
96;18;3
97;18;3
98;18;3
99;18;3
0;19;7
1;19;7
2;19;7
3;19;5
4;19;5
5;19;6
6;19;7
7;19;4
8;19;4
9;19;4
10;19;1
11;19;1
12;19;1
13;19;1
14;19;2
15;19;4
16;19;0
17;19;1
18;19;1
19;19;1
20;19;1
21;19;1
22;19;0
23;19;1
24;19;1
25;19;1
26;19;1
27;19;0
28;19;0
29;19;0
30;19;1
31;19;1
32;19;0
33;19;0
34;19;0
35;19;0
36;19;0
37;19;0
38;19;0
39;19;0
40;19;0
41;19;0
42;19;0
43;19;6
44;19;2
45;19;0
46;19;0
47;19;0
48;19;4
49;19;7
50;19;7
51;19;7
52;19;6
53;19;6
54;19;6
55;19;6
56;19;6
57;19;4
58;19;0
59;19;0
60;19;0
61;19;0
62;19;1
63;19;4
64;19;6
65;19;6
66;19;4
67;19;1
68;19;1
69;19;1
70;19;0
71;19;0
72;19;0
73;19;2
74;19;3
75;19;3
76;19;3
77;19;3
78;19;3
79;19;3
80;19;3
81;19;3
82;19;3
83;19;3
84;19;3
85;19;3
86;19;3
87;19;3
88;19;3
89;19;3
90;19;3
91;19;3
92;19;3
93;19;3
94;19;3
95;19;5
96;19;3
97;19;3
98;19;3
99;19;5
0;20;7
1;20;7
2;20;7
3;20;5
4;20;5
5;20;7
6;20;6
7;20;4
8;20;4
9;20;4
10;20;1
11;20;1
12;20;1
13;20;1
14;20;2
15;20;2
16;20;0
17;20;0
18;20;1
19;20;1
20;20;1
21;20;1
22;20;1
23;20;1
24;20;1
25;20;1
26;20;1
27;20;0
28;20;0
29;20;0
30;20;0
31;20;0
32;20;0
33;20;0
34;20;0
35;20;0
36;20;0
37;20;0
38;20;0
39;20;0
40;20;0
41;20;0
42;20;2
43;20;4
44;20;0
45;20;0
46;20;0
47;20;2
48;20;7
49;20;6
50;20;6
51;20;6
52;20;6
53;20;6
54;20;6
55;20;7
56;20;6
57;20;4
58;20;2
59;20;2
60;20;2
61;20;0
62;20;0
63;20;1
64;20;2
65;20;2
66;20;1
67;20;1
68;20;1
69;20;1
70;20;0
71;20;0
72;20;2
73;20;3
74;20;3
75;20;3
76;20;3
77;20;3
78;20;3
79;20;3
80;20;3
81;20;3
82;20;3
83;20;3
84;20;3
85;20;3
86;20;3
87;20;3
88;20;3
89;20;3
90;20;3
91;20;3
92;20;3
93;20;3
94;20;5
95;20;4
96;20;3
97;20;3
98;20;5
99;20;5
0;21;7
1;21;7
2;21;7
3;21;5
4;21;5
5;21;7
6;21;4
7;21;4
8;21;6
9;21;2
10;21;0
11;21;1
12;21;1
13;21;1
14;21;1
15;21;2
16;21;0
17;21;0
18;21;1
19;21;1
20;21;1
21;21;1
22;21;1
23;21;1
24;21;1
25;21;1
26;21;0
27;21;0
28;21;0
29;21;0
30;21;0
31;21;0
32;21;0
33;21;0
34;21;0
35;21;0
36;21;0
37;21;0
38;21;0
39;21;0
40;21;0
41;21;0
42;21;4
43;21;1
44;21;0
45;21;0
46;21;0
47;21;4
48;21;4
49;21;2
50;21;0
51;21;0
52;21;0
53;21;4
54;21;7
55;21;7
56;21;5
57;21;6
58;21;5
59;21;3
60;21;2
61;21;0
62;21;0
63;21;0
64;21;0
65;21;0
66;21;1
67;21;1
68;21;0
69;21;1
70;21;2
71;21;2
72;21;3
73;21;3
74;21;3
75;21;3
76;21;3
77;21;3
78;21;3
79;21;3
80;21;3
81;21;3
82;21;3
83;21;3
84;21;3
85;21;3
86;21;3
87;21;3
88;21;3
89;21;3
90;21;3
91;21;3
92;21;3
93;21;3
94;21;5
95;21;5
96;21;5
97;21;3
98;21;5
99;21;7
0;22;7
1;22;7
2;22;7
3;22;7
4;22;5
5;22;6
6;22;4
7;22;6
8;22;7
9;22;2
10;22;0
11;22;1
12;22;1
13;22;1
14;22;1
15;22;4
16;22;2
17;22;0
18;22;1
19;22;1
20;22;1
21;22;1
22;22;1
23;22;1
24;22;1
25;22;1
26;22;0
27;22;0
28;22;0
29;22;0
30;22;0
31;22;1
32;22;0
33;22;0
34;22;0
35;22;0
36;22;0
37;22;0
38;22;0
39;22;0
40;22;0
41;22;2
42;22;4
43;22;0
44;22;0
45;22;0
46;22;1
47;22;2
48;22;0
49;22;0
50;22;1
51;22;0
52;22;0
53;22;6
54;22;5
55;22;5
56;22;5
57;22;5
58;22;3
59;22;5
60;22;2
61;22;1
62;22;1
63;22;1
64;22;1
65;22;1
66;22;0
67;22;2
68;22;2
69;22;2
70;22;3
71;22;3
72;22;3
73;22;3
74;22;3
75;22;3
76;22;3
77;22;3
78;22;3
79;22;3
80;22;3
81;22;3
82;22;3
83;22;3
84;22;3
85;22;3
86;22;3
87;22;3
88;22;3
89;22;3
90;22;3
91;22;3
92;22;3
93;22;5
94;22;3
95;22;5
96;22;5
97;22;5
98;22;5
99;22;6
0;23;7
1;23;7
2;23;7
3;23;7
4;23;6
5;23;6
6;23;4
7;23;6
8;23;7
9;23;4
10;23;0
11;23;1
12;23;1
13;23;1
14;23;1
15;23;2
16;23;2
17;23;0
18;23;1
19;23;1
20;23;1
21;23;1
22;23;1
23;23;1
24;23;1
25;23;1
26;23;0
27;23;0
28;23;0
29;23;0
30;23;0
31;23;1
32;23;0
33;23;0
34;23;0
35;23;0
36;23;0
37;23;0
38;23;0
39;23;0
40;23;0
41;23;4
42;23;1
43;23;0
44;23;0
45;23;1
46;23;1
47;23;1
48;23;1
49;23;1
50;23;1
51;23;0
52;23;1
53;23;6
54;23;6
55;23;6
56;23;7
57;23;7
58;23;5
59;23;7
60;23;6
61;23;4
62;23;0
63;23;1
64;23;1
65;23;1
66;23;2
67;23;6
68;23;6
69;23;4
70;23;5
71;23;3
72;23;3
73;23;3
74;23;3
75;23;3
76;23;3
77;23;3
78;23;3
79;23;3
80;23;3
81;23;3
82;23;3
83;23;3
84;23;3
85;23;3
86;23;3
87;23;3
88;23;3
89;23;5
90;23;5
91;23;5
92;23;5
93;23;6
94;23;5
95;23;5
96;23;6
97;23;6
98;23;6
99;23;7
0;24;7
1;24;7
2;24;7
3;24;7
4;24;7
5;24;4
6;24;1
7;24;2
8;24;4
9;24;4
10;24;0
11;24;0
12;24;1
13;24;1
14;24;1
15;24;1
16;24;2
17;24;0
18;24;0
19;24;1
20;24;1
21;24;1
22;24;1
23;24;1
24;24;1
25;24;1
26;24;0
27;24;0
28;24;0
29;24;0
30;24;0
31;24;0
32;24;0
33;24;1
34;24;0
35;24;0
36;24;0
37;24;0
38;24;0
39;24;0
40;24;2
41;24;2
42;24;0
43;24;0
44;24;1
45;24;1
46;24;1
47;24;1
48;24;1
49;24;0
50;24;0
51;24;0
52;24;0
53;24;2
54;24;4
55;24;6
56;24;7
57;24;7
58;24;7
59;24;7
60;24;7
61;24;4
62;24;0
63;24;2
64;24;0
65;24;2
66;24;7
67;24;7
68;24;7
69;24;7
70;24;6
71;24;3
72;24;3
73;24;3
74;24;3
75;24;3
76;24;5
77;24;5
78;24;3
79;24;3
80;24;3
81;24;3
82;24;3
83;24;3
84;24;3
85;24;5
86;24;3
87;24;3
88;24;5
89;24;5
90;24;6
91;24;5
92;24;6
93;24;7
94;24;6
95;24;6
96;24;7
97;24;6
98;24;6
99;24;7
0;25;7
1;25;7
2;25;7
3;25;7
4;25;4
5;25;0
6;25;0
7;25;1
8;25;1
9;25;1
10;25;1
11;25;0
12;25;1
13;25;1
14;25;1
15;25;1
16;25;2
17;25;1
18;25;0
19;25;1
20;25;1
21;25;1
22;25;1
23;25;1
24;25;1
25;25;1
26;25;0
27;25;0
28;25;0
29;25;0
30;25;0
31;25;0
32;25;0
33;25;1
34;25;0
35;25;0
36;25;0
37;25;0
38;25;0
39;25;0
40;25;2
41;25;0
42;25;0
43;25;0
44;25;1
45;25;1
46;25;1
47;25;1
48;25;0
49;25;1
50;25;1
51;25;1
52;25;1
53;25;1
54;25;6
55;25;6
56;25;6
57;25;7
58;25;7
59;25;6
60;25;7
61;25;6
62;25;4
63;25;6
64;25;4
65;25;2
66;25;7
67;25;7
68;25;7
69;25;7
70;25;6
71;25;4
72;25;4
73;25;3
74;25;3
75;25;3
76;25;5
77;25;5
78;25;3
79;25;3
80;25;3
81;25;3
82;25;3
83;25;3
84;25;3
85;25;5
86;25;5
87;25;3
88;25;5
89;25;5
90;25;5
91;25;7
92;25;6
93;25;6
94;25;6
95;25;7
96;25;7
97;25;6
98;25;6
99;25;7
0;26;7
1;26;6
2;26;7
3;26;7
4;26;2
5;26;0
6;26;0
7;26;1
8;26;1
9;26;1
10;26;1
11;26;0
12;26;0
13;26;1
14;26;1
15;26;1
16;26;1
17;26;1
18;26;0
19;26;1
20;26;1
21;26;1
22;26;1
23;26;1
24;26;1
25;26;1
26;26;1
27;26;0
28;26;0
29;26;0
30;26;0
31;26;1
32;26;0
33;26;1
34;26;0
35;26;0
36;26;0
37;26;0
38;26;0
39;26;1
40;26;0
41;26;0
42;26;0
43;26;1
44;26;1
45;26;1
46;26;1
47;26;0
48;26;1
49;26;1
50;26;1
51;26;1
52;26;0
53;26;2
54;26;6
55;26;6
56;26;6
57;26;5
58;26;5
59;26;6
60;26;7
61;26;7
62;26;7
63;26;7
64;26;5
65;26;3
66;26;7
67;26;7
68;26;6
69;26;6
70;26;4
71;26;4
72;26;4
73;26;4
74;26;3
75;26;3
76;26;5
77;26;5
78;26;5
79;26;5
80;26;5
81;26;3
82;26;5
83;26;3
84;26;5
85;26;5
86;26;6
87;26;5
88;26;5
89;26;3
90;26;3
91;26;7
92;26;7
93;26;6
94;26;6
95;26;7
96;26;7
97;26;7
98;26;6
99;26;7
0;27;6
1;27;7
2;27;7
3;27;7
4;27;4
5;27;0
6;27;0
7;27;0
8;27;1
9;27;1
10;27;1
11;27;1
12;27;0
13;27;0
14;27;1
15;27;1
16;27;1
17;27;1
18;27;1
19;27;1
20;27;1
21;27;1
22;27;1
23;27;1
24;27;0
25;27;1
26;27;1
27;27;0
28;27;0
29;27;0
30;27;1
31;27;1
32;27;1
33;27;1
34;27;0
35;27;0
36;27;0
37;27;0
38;27;0
39;27;1
40;27;0
41;27;0
42;27;0
43;27;1
44;27;1
45;27;1
46;27;0
47;27;0
48;27;1
49;27;1
50;27;1
51;27;0
52;27;0
53;27;4
54;27;7
55;27;6
56;27;6
57;27;5
58;27;5
59;27;5
60;27;7
61;27;7
62;27;7
63;27;7
64;27;5
65;27;5
66;27;5
67;27;6
68;27;6
69;27;6
70;27;4
71;27;2
72;27;2
73;27;4
74;27;4
75;27;5
76;27;5
77;27;5
78;27;6
79;27;7
80;27;6
81;27;5
82;27;6
83;27;5
84;27;6
85;27;6
86;27;6
87;27;5
88;27;5
89;27;5
90;27;5
91;27;7
92;27;6
93;27;7
94;27;7
95;27;7
96;27;7
97;27;7
98;27;7
99;27;7
0;28;7
1;28;7
2;28;4
3;28;4
4;28;7
5;28;2
6;28;0
7;28;0
8;28;1
9;28;1
10;28;1
11;28;1
12;28;1
13;28;0
14;28;1
15;28;1
16;28;1
17;28;1
18;28;1
19;28;1
20;28;1
21;28;1
22;28;1
23;28;1
24;28;0
25;28;1
26;28;1
27;28;1
28;28;1
29;28;1
30;28;1
31;28;0
32;28;1
33;28;1
34;28;1
35;28;0
36;28;0
37;28;1
38;28;0
39;28;0
40;28;0
41;28;0
42;28;1
43;28;1
44;28;1
45;28;0
46;28;0
47;28;1
48;28;1
49;28;1
50;28;0
51;28;0
52;28;0
53;28;6
54;28;6
55;28;4
56;28;6
57;28;6
58;28;6
59;28;4
60;28;4
61;28;7
62;28;7
63;28;7
64;28;6
65;28;5
66;28;5
67;28;6
68;28;5
69;28;7
70;28;5
71;28;4
72;28;4
73;28;6
74;28;7
75;28;5
76;28;5
77;28;5
78;28;6
79;28;7
80;28;7
81;28;7
82;28;7
83;28;7
84;28;7
85;28;7
86;28;7
87;28;6
88;28;6
89;28;5
90;28;5
91;28;7
92;28;7
93;28;7
94;28;7
95;28;7
96;28;7
97;28;7
98;28;7
99;28;7
0;29;7
1;29;6
2;29;0
3;29;0
4;29;4
5;29;4
6;29;1
7;29;1
8;29;1
9;29;1
10;29;1
11;29;1
12;29;1
13;29;1
14;29;0
15;29;1
16;29;1
17;29;1
18;29;1
19;29;0
20;29;0
21;29;1
22;29;1
23;29;1
24;29;1
25;29;1
26;29;1
27;29;1
28;29;1
29;29;1
30;29;1
31;29;0
32;29;0
33;29;1
34;29;1
35;29;0
36;29;0
37;29;1
38;29;0
39;29;0
40;29;0
41;29;0
42;29;1
43;29;1
44;29;0
45;29;0
46;29;1
47;29;1
48;29;1
49;29;0
50;29;0
51;29;0
52;29;2
53;29;2
54;29;2
55;29;1
56;29;2
57;29;6
58;29;6
59;29;4
60;29;4
61;29;4
62;29;6
63;29;7
64;29;7
65;29;6
66;29;4
67;29;4
68;29;5
69;29;5
70;29;5
71;29;7
72;29;7
73;29;6
74;29;6
75;29;5
76;29;5
77;29;6
78;29;7
79;29;7
80;29;7
81;29;7
82;29;7
83;29;7
84;29;6
85;29;6
86;29;7
87;29;6
88;29;6
89;29;5
90;29;5
91;29;7
92;29;7
93;29;7
94;29;7
95;29;7
96;29;7
97;29;7
98;29;7
99;29;6
0;30;7
1;30;2
2;30;0
3;30;0
4;30;2
5;30;4
6;30;1
7;30;1
8;30;1
9;30;1
10;30;1
11;30;1
12;30;1
13;30;1
14;30;0
15;30;1
16;30;1
17;30;1
18;30;1
19;30;0
20;30;0
21;30;1
22;30;1
23;30;1
24;30;1
25;30;1
26;30;1
27;30;1
28;30;1
29;30;1
30;30;1
31;30;0
32;30;0
33;30;1
34;30;1
35;30;0
36;30;1
37;30;1
38;30;0
39;30;0
40;30;0
41;30;1
42;30;1
43;30;1
44;30;0
45;30;1
46;30;1
47;30;1
48;30;1
49;30;0
50;30;0
51;30;1
52;30;1
53;30;1
54;30;1
55;30;0
56;30;2
57;30;6
58;30;6
59;30;7
60;30;4
61;30;2
62;30;4
63;30;4
64;30;4
65;30;4
66;30;4
67;30;2
68;30;3
69;30;5
70;30;5
71;30;6
72;30;7
73;30;7
74;30;6
75;30;5
76;30;5
77;30;6
78;30;7
79;30;7
80;30;7
81;30;7
82;30;7
83;30;6
84;30;6
85;30;6
86;30;7
87;30;7
88;30;7
89;30;7
90;30;6
91;30;7
92;30;7
93;30;7
94;30;7
95;30;7
96;30;7
97;30;7
98;30;7
99;30;6
0;31;4
1;31;1
2;31;0
3;31;0
4;31;2
5;31;6
6;31;2
7;31;0
8;31;1
9;31;1
10;31;1
11;31;1
12;31;1
13;31;1
14;31;1
15;31;1
16;31;1
17;31;1
18;31;1
19;31;0
20;31;0
21;31;1
22;31;1
23;31;1
24;31;1
25;31;1
26;31;1
27;31;1
28;31;1
29;31;1
30;31;1
31;31;0
32;31;1
33;31;1
34;31;0
35;31;1
36;31;1
37;31;0
38;31;1
39;31;1
40;31;1
41;31;1
42;31;1
43;31;0
44;31;1
45;31;1
46;31;1
47;31;1
48;31;0
49;31;1
50;31;1
51;31;1
52;31;1
53;31;1
54;31;0
55;31;0
56;31;2
57;31;6
58;31;6
59;31;6
60;31;4
61;31;2
62;31;2
63;31;2
64;31;2
65;31;2
66;31;2
67;31;2
68;31;2
69;31;4
70;31;7
71;31;6
72;31;6
73;31;7
74;31;6
75;31;4
76;31;5
77;31;7
78;31;7
79;31;7
80;31;7
81;31;7
82;31;7
83;31;6
84;31;6
85;31;6
86;31;7
87;31;7
88;31;7
89;31;7
90;31;7
91;31;7
92;31;7
93;31;7
94;31;7
95;31;7
96;31;7
97;31;7
98;31;7
99;31;7
0;32;2
1;32;1
2;32;1
3;32;1
4;32;4
5;32;7
6;32;2
7;32;0
8;32;1
9;32;1
10;32;1
11;32;1
12;32;1
13;32;1
14;32;1
15;32;0
16;32;1
17;32;1
18;32;1
19;32;1
20;32;0
21;32;1
22;32;1
23;32;1
24;32;1
25;32;1
26;32;1
27;32;1
28;32;1
29;32;1
30;32;1
31;32;0
32;32;1
33;32;0
34;32;1
35;32;1
36;32;1
37;32;1
38;32;1
39;32;1
40;32;1
41;32;1
42;32;0
43;32;0
44;32;1
45;32;1
46;32;1
47;32;1
48;32;1
49;32;1
50;32;1
51;32;1
52;32;1
53;32;1
54;32;1
55;32;0
56;32;2
57;32;6
58;32;6
59;32;6
60;32;6
61;32;4
62;32;2
63;32;2
64;32;2
65;32;2
66;32;2
67;32;2
68;32;2
69;32;4
70;32;6
71;32;6
72;32;6
73;32;7
74;32;7
75;32;6
76;32;6
77;32;6
78;32;7
79;32;6
80;32;7
81;32;7
82;32;7
83;32;7
84;32;7
85;32;6
86;32;6
87;32;7
88;32;7
89;32;7
90;32;5
91;32;5
92;32;7
93;32;7
94;32;7
95;32;7
96;32;7
97;32;7
98;32;7
99;32;7
0;33;2
1;33;0
2;33;1
3;33;1
4;33;6
5;33;7
6;33;4
7;33;0
8;33;0
9;33;1
10;33;1
11;33;1
12;33;1
13;33;1
14;33;1
15;33;0
16;33;1
17;33;1
18;33;1
19;33;1
20;33;0
21;33;1
22;33;1
23;33;1
24;33;1
25;33;1
26;33;1
27;33;1
28;33;2
29;33;4
30;33;4
31;33;2
32;33;1
33;33;1
34;33;1
35;33;1
36;33;1
37;33;1
38;33;1
39;33;1
40;33;1
41;33;1
42;33;1
43;33;1
44;33;1
45;33;1
46;33;1
47;33;1
48;33;1
49;33;1
50;33;1
51;33;1
52;33;1
53;33;1
54;33;1
55;33;0
56;33;4
57;33;7
58;33;6
59;33;6
60;33;6
61;33;4
62;33;4
63;33;2
64;33;4
65;33;4
66;33;4
67;33;6
68;33;4
69;33;4
70;33;4
71;33;4
72;33;6
73;33;7
74;33;7
75;33;6
76;33;6
77;33;6
78;33;6
79;33;6
80;33;6
81;33;6
82;33;7
83;33;7
84;33;7
85;33;6
86;33;6
87;33;7
88;33;7
89;33;7
90;33;5
91;33;5
92;33;7
93;33;7
94;33;7
95;33;7
96;33;7
97;33;7
98;33;7
99;33;7
0;34;1
1;34;0
2;34;0
3;34;2
4;34;6
5;34;6
6;34;6
7;34;2
8;34;0
9;34;0
10;34;1
11;34;1
12;34;1
13;34;1
14;34;1
15;34;1
16;34;0
17;34;1
18;34;1
19;34;1
20;34;1
21;34;1
22;34;1
23;34;1
24;34;2
25;34;1
26;34;1
27;34;2
28;34;4
29;34;6
30;34;6
31;34;4
32;34;4
33;34;4
34;34;2
35;34;0
36;34;1
37;34;1
38;34;1
39;34;1
40;34;1
41;34;1
42;34;1
43;34;1
44;34;1
45;34;1
46;34;1
47;34;1
48;34;1
49;34;1
50;34;1
51;34;1
52;34;1
53;34;1
54;34;0
55;34;0
56;34;6
57;34;7
58;34;6
59;34;6
60;34;7
61;34;6
62;34;4
63;34;4
64;34;6
65;34;7
66;34;7
67;34;7
68;34;6
69;34;4
70;34;4
71;34;2
72;34;4
73;34;6
74;34;7
75;34;6
76;34;4
77;34;6
78;34;6
79;34;6
80;34;6
81;34;6
82;34;7
83;34;7
84;34;6
85;34;6
86;34;6
87;34;6
88;34;7
89;34;7
90;34;4
91;34;4
92;34;6
93;34;6
94;34;7
95;34;7
96;34;7
97;34;7
98;34;7
99;34;7
0;35;2
1;35;0
2;35;0
3;35;4
4;35;6
5;35;6
6;35;7
7;35;4
8;35;0
9;35;0
10;35;1
11;35;1
12;35;1
13;35;1
14;35;1
15;35;1
16;35;0
17;35;0
18;35;1
19;35;1
20;35;1
21;35;1
22;35;1
23;35;1
24;35;4
25;35;4
26;35;4
27;35;6
28;35;6
29;35;6
30;35;6
31;35;6
32;35;6
33;35;6
34;35;4
35;35;2
36;35;2
37;35;1
38;35;1
39;35;1
40;35;0
41;35;1
42;35;1
43;35;1
44;35;1
45;35;1
46;35;1
47;35;1
48;35;1
49;35;1
50;35;1
51;35;1
52;35;1
53;35;0
54;35;0
55;35;2
56;35;6
57;35;7
58;35;7
59;35;6
60;35;6
61;35;7
62;35;7
63;35;6
64;35;7
65;35;7
66;35;6
67;35;6
68;35;6
69;35;4
70;35;4
71;35;4
72;35;4
73;35;6
74;35;6
75;35;6
76;35;6
77;35;6
78;35;7
79;35;7
80;35;6
81;35;6
82;35;7
83;35;6
84;35;4
85;35;6
86;35;6
87;35;6
88;35;6
89;35;4
90;35;2
91;35;0
92;35;0
93;35;2
94;35;4
95;35;4
96;35;7
97;35;7
98;35;6
99;35;6
0;36;6
1;36;2
2;36;4
3;36;6
4;36;6
5;36;6
6;36;6
7;36;2
8;36;1
9;36;0
10;36;0
11;36;1
12;36;1
13;36;1
14;36;1
15;36;1
16;36;0
17;36;0
18;36;0
19;36;1
20;36;1
21;36;1
22;36;1
23;36;1
24;36;4
25;36;6
26;36;6
27;36;6
28;36;6
29;36;6
30;36;6
31;36;6
32;36;6
33;36;6
34;36;6
35;36;6
36;36;4
37;36;2
38;36;0
39;36;0
40;36;1
41;36;1
42;36;1
43;36;1
44;36;1
45;36;0
46;36;1
47;36;1
48;36;1
49;36;1
50;36;1
51;36;1
52;36;0
53;36;0
54;36;0
55;36;2
56;36;4
57;36;7
58;36;7
59;36;7
60;36;6
61;36;7
62;36;7
63;36;6
64;36;6
65;36;7
66;36;6
67;36;6
68;36;6
69;36;6
70;36;4
71;36;6
72;36;6
73;36;4
74;36;6
75;36;6
76;36;6
77;36;6
78;36;7
79;36;7
80;36;7
81;36;6
82;36;6
83;36;6
84;36;4
85;36;6
86;36;6
87;36;6
88;36;2
89;36;0
90;36;0
91;36;0
92;36;0
93;36;0
94;36;1
95;36;2
96;36;6
97;36;7
98;36;6
99;36;4
0;37;6
1;37;4
2;37;6
3;37;2
4;37;2
5;37;2
6;37;1
7;37;1
8;37;1
9;37;0
10;37;0
11;37;1
12;37;1
13;37;1
14;37;1
15;37;1
16;37;0
17;37;0
18;37;0
19;37;1
20;37;1
21;37;1
22;37;1
23;37;0
24;37;4
25;37;6
26;37;6
27;37;6
28;37;6
29;37;6
30;37;6
31;37;6
32;37;6
33;37;6
34;37;6
35;37;6
36;37;6
37;37;2
38;37;0
39;37;1
40;37;1
41;37;1
42;37;1
43;37;1
44;37;1
45;37;1
46;37;1
47;37;1
48;37;1
49;37;1
50;37;1
51;37;0
52;37;0
53;37;0
54;37;1
55;37;1
56;37;1
57;37;2
58;37;2
59;37;4
60;37;7
61;37;7
62;37;7
63;37;7
64;37;7
65;37;7
66;37;7
67;37;6
68;37;6
69;37;6
70;37;7
71;37;7
72;37;6
73;37;4
74;37;6
75;37;6
76;37;6
77;37;7
78;37;7
79;37;7
80;37;7
81;37;6
82;37;6
83;37;6
84;37;4
85;37;6
86;37;6
87;37;4
88;37;0
89;37;0
90;37;0
91;37;0
92;37;0
93;37;0
94;37;0
95;37;2
96;37;4
97;37;6
98;37;6
99;37;4
0;38;4
1;38;6
2;38;4
3;38;0
4;38;0
5;38;0
6;38;0
7;38;1
8;38;1
9;38;1
10;38;1
11;38;0
12;38;1
13;38;1
14;38;1
15;38;1
16;38;1
17;38;1
18;38;0
19;38;1
20;38;1
21;38;1
22;38;2
23;38;4
24;38;6
25;38;6
26;38;6
27;38;6
28;38;6
29;38;6
30;38;6
31;38;6
32;38;6
33;38;6
34;38;6
35;38;6
36;38;6
37;38;4
38;38;4
39;38;4
40;38;1
41;38;1
42;38;1
43;38;1
44;38;1
45;38;1
46;38;1
47;38;1
48;38;1
49;38;1
50;38;0
51;38;0
52;38;0
53;38;1
54;38;1
55;38;0
56;38;1
57;38;1
58;38;2
59;38;6
60;38;7
61;38;7
62;38;6
63;38;7
64;38;7
65;38;7
66;38;7
67;38;7
68;38;4
69;38;4
70;38;4
71;38;7
72;38;7
73;38;6
74;38;6
75;38;6
76;38;4
77;38;7
78;38;7
79;38;6
80;38;7
81;38;7
82;38;7
83;38;7
84;38;6
85;38;6
86;38;7
87;38;4
88;38;0
89;38;0
90;38;0
91;38;0
92;38;0
93;38;0
94;38;0
95;38;1
96;38;4
97;38;6
98;38;7
99;38;6
0;39;6
1;39;6
2;39;0
3;39;0
4;39;1
5;39;0
6;39;1
7;39;1
8;39;1
9;39;1
10;39;1
11;39;1
12;39;1
13;39;1
14;39;1
15;39;1
16;39;1
17;39;1
18;39;1
19;39;1
20;39;1
21;39;1
22;39;4
23;39;6
24;39;6
25;39;6
26;39;6
27;39;6
28;39;6
29;39;6
30;39;6
31;39;6
32;39;6
33;39;6
34;39;6
35;39;6
36;39;6
37;39;6
38;39;6
39;39;4
40;39;1
41;39;1
42;39;1
43;39;1
44;39;1
45;39;1
46;39;1
47;39;1
48;39;1
49;39;0
50;39;0
51;39;0
52;39;0
53;39;1
54;39;1
55;39;1
56;39;1
57;39;4
58;39;6
59;39;7
60;39;7
61;39;7
62;39;6
63;39;6
64;39;7
65;39;7
66;39;7
67;39;7
68;39;4
69;39;2
70;39;4
71;39;4
72;39;7
73;39;7
74;39;6
75;39;6
76;39;4
77;39;6
78;39;7
79;39;7
80;39;7
81;39;7
82;39;7
83;39;7
84;39;7
85;39;7
86;39;6
87;39;1
88;39;0
89;39;1
90;39;0
91;39;0
92;39;0
93;39;0
94;39;0
95;39;1
96;39;2
97;39;4
98;39;6
99;39;7
0;40;7
1;40;4
2;40;0
3;40;1
4;40;1
5;40;0
6;40;0
7;40;1
8;40;1
9;40;1
10;40;1
11;40;1
12;40;1
13;40;1
14;40;1
15;40;1
16;40;1
17;40;1
18;40;1
19;40;1
20;40;1
21;40;1
22;40;6
23;40;6
24;40;6
25;40;6
26;40;6
27;40;6
28;40;6
29;40;6
30;40;6
31;40;6
32;40;6
33;40;6
34;40;6
35;40;6
36;40;6
37;40;6
38;40;6
39;40;4
40;40;2
41;40;1
42;40;1
43;40;1
44;40;1
45;40;1
46;40;1
47;40;1
48;40;0
49;40;0
50;40;0
51;40;1
52;40;1
53;40;1
54;40;1
55;40;1
56;40;1
57;40;2
58;40;4
59;40;7
60;40;7
61;40;7
62;40;6
63;40;6
64;40;4
65;40;7
66;40;7
67;40;6
68;40;2
69;40;2
70;40;4
71;40;4
72;40;4
73;40;7
74;40;7
75;40;6
76;40;6
77;40;6
78;40;6
79;40;7
80;40;7
81;40;7
82;40;6
83;40;7
84;40;7
85;40;7
86;40;4
87;40;0
88;40;0
89;40;1
90;40;1
91;40;1
92;40;1
93;40;0
94;40;0
95;40;0
96;40;0
97;40;0
98;40;4
99;40;7
0;41;7
1;41;6
2;41;2
3;41;0
4;41;0
5;41;0
6;41;0
7;41;0
8;41;1
9;41;1
10;41;1
11;41;1
12;41;1
13;41;0
14;41;1
15;41;1
16;41;1
17;41;1
18;41;1
19;41;1
20;41;1
21;41;1
22;41;6
23;41;6
24;41;6
25;41;6
26;41;6
27;41;6
28;41;4
29;41;6
30;41;6
31;41;6
32;41;4
33;41;6
34;41;6
35;41;6
36;41;6
37;41;6
38;41;6
39;41;6
40;41;4
41;41;1
42;41;1
43;41;1
44;41;1
45;41;1
46;41;1
47;41;0
48;41;0
49;41;1
50;41;1
51;41;1
52;41;1
53;41;1
54;41;1
55;41;1
56;41;1
57;41;1
58;41;0
59;41;4
60;41;7
61;41;7
62;41;6
63;41;4
64;41;4
65;41;6
66;41;7
67;41;6
68;41;2
69;41;2
70;41;4
71;41;4
72;41;4
73;41;5
74;41;7
75;41;6
76;41;6
77;41;6
78;41;6
79;41;7
80;41;7
81;41;6
82;41;4
83;41;6
84;41;6
85;41;7
86;41;6
87;41;1
88;41;0
89;41;0
90;41;1
91;41;1
92;41;2
93;41;2
94;41;1
95;41;0
96;41;0
97;41;0
98;41;4
99;41;7
0;42;7
1;42;6
2;42;1
3;42;0
4;42;0
5;42;0
6;42;0
7;42;1
8;42;1
9;42;1
10;42;0
11;42;1
12;42;1
13;42;1
14;42;0
15;42;0
16;42;1
17;42;1
18;42;1
19;42;1
20;42;1
21;42;4
22;42;6
23;42;6
24;42;6
25;42;6
26;42;6
27;42;6
28;42;6
29;42;6
30;42;6
31;42;6
32;42;4
33;42;4
34;42;6
35;42;6
36;42;6
37;42;6
38;42;6
39;42;6
40;42;6
41;42;1
42;42;1
43;42;1
44;42;1
45;42;0
46;42;0
47;42;1
48;42;1
49;42;1
50;42;1
51;42;1
52;42;1
53;42;1
54;42;1
55;42;1
56;42;1
57;42;0
58;42;2
59;42;7
60;42;7
61;42;7
62;42;6
63;42;4
64;42;2
65;42;4
66;42;6
67;42;4
68;42;2
69;42;2
70;42;4
71;42;4
72;42;4
73;42;4
74;42;7
75;42;7
76;42;6
77;42;7
78;42;7
79;42;7
80;42;7
81;42;6
82;42;6
83;42;6
84;42;6
85;42;6
86;42;6
87;42;1
88;42;1
89;42;0
90;42;1
91;42;4
92;42;6
93;42;6
94;42;4
95;42;0
96;42;0
97;42;0
98;42;2
99;42;6
0;43;7
1;43;7
2;43;4
3;43;0
4;43;0
5;43;0
6;43;0
7;43;0
8;43;1
9;43;1
10;43;0
11;43;0
12;43;0
13;43;1
14;43;1
15;43;0
16;43;0
17;43;1
18;43;1
19;43;1
20;43;2
21;43;6
22;43;6
23;43;6
24;43;6
25;43;6
26;43;6
27;43;6
28;43;6
29;43;6
30;43;6
31;43;6
32;43;6
33;43;6
34;43;6
35;43;6
36;43;6
37;43;6
38;43;6
39;43;6
40;43;6
41;43;2
42;43;1
43;43;1
44;43;1
45;43;1
46;43;1
47;43;1
48;43;0
49;43;0
50;43;1
51;43;1
52;43;1
53;43;1
54;43;1
55;43;0
56;43;0
57;43;0
58;43;4
59;43;7
60;43;7
61;43;7
62;43;6
63;43;4
64;43;4
65;43;2
66;43;2
67;43;2
68;43;2
69;43;2
70;43;2
71;43;4
72;43;4
73;43;2
74;43;4
75;43;7
76;43;6
77;43;7
78;43;7
79;43;7
80;43;7
81;43;7
82;43;6
83;43;4
84;43;6
85;43;6
86;43;4
87;43;0
88;43;1
89;43;1
90;43;1
91;43;6
92;43;6
93;43;6
94;43;6
95;43;2
96;43;0
97;43;0
98;43;0
99;43;4
0;44;7
1;44;7
2;44;7
3;44;4
4;44;0
5;44;0
6;44;0
7;44;0
8;44;1
9;44;1
10;44;1
11;44;1
12;44;0
13;44;0
14;44;1
15;44;0
16;44;0
17;44;1
18;44;1
19;44;1
20;44;2
21;44;6
22;44;6
23;44;6
24;44;6
25;44;6
26;44;4
27;44;6
28;44;6
29;44;6
30;44;6
31;44;6
32;44;6
33;44;6
34;44;6
35;44;6
36;44;6
37;44;6
38;44;6
39;44;6
40;44;6
41;44;6
42;44;2
43;44;2
44;44;1
45;44;1
46;44;0
47;44;0
48;44;0
49;44;1
50;44;1
51;44;1
52;44;1
53;44;0
54;44;0
55;44;0
56;44;0
57;44;2
58;44;6
59;44;7
60;44;7
61;44;6
62;44;6
63;44;6
64;44;4
65;44;2
66;44;2
67;44;2
68;44;2
69;44;2
70;44;2
71;44;2
72;44;2
73;44;2
74;44;4
75;44;6
76;44;6
77;44;6
78;44;7
79;44;7
80;44;7
81;44;7
82;44;7
83;44;6
84;44;6
85;44;7
86;44;4
87;44;0
88;44;1
89;44;1
90;44;2
91;44;6
92;44;6
93;44;6
94;44;7
95;44;4
96;44;0
97;44;0
98;44;0
99;44;4
0;45;7
1;45;4
2;45;4
3;45;6
4;45;6
5;45;2
6;45;1
7;45;1
8;45;1
9;45;1
10;45;1
11;45;1
12;45;0
13;45;0
14;45;0
15;45;0
16;45;0
17;45;1
18;45;1
19;45;1
20;45;6
21;45;6
22;45;6
23;45;6
24;45;6
25;45;6
26;45;6
27;45;6
28;45;6
29;45;6
30;45;6
31;45;6
32;45;6
33;45;6
34;45;6
35;45;6
36;45;6
37;45;6
38;45;6
39;45;6
40;45;6
41;45;6
42;45;6
43;45;4
44;45;1
45;45;1
46;45;1
47;45;1
48;45;1
49;45;1
50;45;1
51;45;0
52;45;0
53;45;0
54;45;0
55;45;0
56;45;4
57;45;7
58;45;6
59;45;7
60;45;7
61;45;6
62;45;6
63;45;6
64;45;4
65;45;2
66;45;4
67;45;4
68;45;2
69;45;2
70;45;4
71;45;2
72;45;2
73;45;2
74;45;2
75;45;6
76;45;6
77;45;7
78;45;7
79;45;6
80;45;6
81;45;7
82;45;6
83;45;6
84;45;6
85;45;6
86;45;1
87;45;0
88;45;0
89;45;0
90;45;4
91;45;6
92;45;7
93;45;7
94;45;7
95;45;6
96;45;1
97;45;0
98;45;2
99;45;6
0;46;6
1;46;4
2;46;4
3;46;7
4;46;7
5;46;6
6;46;2
7;46;1
8;46;1
9;46;1
10;46;1
11;46;1
12;46;1
13;46;0
14;46;0
15;46;0
16;46;0
17;46;1
18;46;1
19;46;1
20;46;6
21;46;6
22;46;6
23;46;6
24;46;6
25;46;6
26;46;6
27;46;6
28;46;6
29;46;6
30;46;6
31;46;6
32;46;6
33;46;6
34;46;6
35;46;6
36;46;4
37;46;6
38;46;6
39;46;6
40;46;6
41;46;6
42;46;6
43;46;2
44;46;1
45;46;1
46;46;1
47;46;1
48;46;1
49;46;1
50;46;0
51;46;0
52;46;0
53;46;0
54;46;2
55;46;2
56;46;6
57;46;7
58;46;7
59;46;6
60;46;6
61;46;6
62;46;4
63;46;4
64;46;6
65;46;4
66;46;2
67;46;4
68;46;4
69;46;2
70;46;2
71;46;4
72;46;4
73;46;2
74;46;2
75;46;4
76;46;7
77;46;7
78;46;7
79;46;7
80;46;7
81;46;7
82;46;4
83;46;4
84;46;7
85;46;4
86;46;1
87;46;1
88;46;0
89;46;0
90;46;4
91;46;6
92;46;7
93;46;6
94;46;6
95;46;6
96;46;2
97;46;1
98;46;4
99;46;7
0;47;4
1;47;4
2;47;4
3;47;7
4;47;7
5;47;7
6;47;6
7;47;2
8;47;1
9;47;1
10;47;1
11;47;0
12;47;0
13;47;0
14;47;0
15;47;0
16;47;0
17;47;1
18;47;1
19;47;1
20;47;6
21;47;6
22;47;6
23;47;6
24;47;6
25;47;6
26;47;6
27;47;6
28;47;6
29;47;6
30;47;6
31;47;6
32;47;6
33;47;6
34;47;6
35;47;6
36;47;4
37;47;4
38;47;6
39;47;6
40;47;6
41;47;6
42;47;6
43;47;2
44;47;1
45;47;1
46;47;1
47;47;1
48;47;1
49;47;0
50;47;0
51;47;1
52;47;1
53;47;2
54;47;2
55;47;2
56;47;2
57;47;4
58;47;4
59;47;6
60;47;4
61;47;4
62;47;4
63;47;6
64;47;7
65;47;6
66;47;4
67;47;4
68;47;4
69;47;4
70;47;2
71;47;4
72;47;4
73;47;4
74;47;2
75;47;4
76;47;7
77;47;7
78;47;7
79;47;7
80;47;7
81;47;7
82;47;4
83;47;2
84;47;6
85;47;6
86;47;4
87;47;1
88;47;1
89;47;1
90;47;4
91;47;7
92;47;6
93;47;6
94;47;6
95;47;6
96;47;2
97;47;0
98;47;0
99;47;4
0;48;4
1;48;4
2;48;4
3;48;6
4;48;6
5;48;6
6;48;6
7;48;6
8;48;4
9;48;1
10;48;1
11;48;1
12;48;0
13;48;0
14;48;0
15;48;0
16;48;0
17;48;0
18;48;1
19;48;1
20;48;6
21;48;6
22;48;6
23;48;6
24;48;6
25;48;6
26;48;6
27;48;6
28;48;6
29;48;6
30;48;6
31;48;6
32;48;6
33;48;6
34;48;6
35;48;6
36;48;6
37;48;4
38;48;4
39;48;6
40;48;6
41;48;6
42;48;6
43;48;2
44;48;1
45;48;1
46;48;1
47;48;1
48;48;0
49;48;0
50;48;1
51;48;1
52;48;1
53;48;1
54;48;0
55;48;1
56;48;1
57;48;1
58;48;1
59;48;2
60;48;2
61;48;4
62;48;4
63;48;6
64;48;7
65;48;7
66;48;4
67;48;2
68;48;2
69;48;4
70;48;4
71;48;4
72;48;4
73;48;4
74;48;4
75;48;4
76;48;2
77;48;4
78;48;4
79;48;7
80;48;7
81;48;7
82;48;4
83;48;2
84;48;4
85;48;6
86;48;2
87;48;1
88;48;1
89;48;1
90;48;6
91;48;7
92;48;6
93;48;6
94;48;6
95;48;6
96;48;4
97;48;0
98;48;0
99;48;2
0;49;4
1;49;4
2;49;2
3;49;2
4;49;4
5;49;4
6;49;6
7;49;6
8;49;2
9;49;1
10;49;1
11;49;1
12;49;1
13;49;1
14;49;0
15;49;0
16;49;0
17;49;0
18;49;1
19;49;1
20;49;4
21;49;6
22;49;6
23;49;6
24;49;6
25;49;6
26;49;6
27;49;6
28;49;6
29;49;6
30;49;6
31;49;6
32;49;6
33;49;6
34;49;6
35;49;6
36;49;6
37;49;6
38;49;4
39;49;4
40;49;6
41;49;6
42;49;6
43;49;1
44;49;1
45;49;1
46;49;1
47;49;0
48;49;0
49;49;0
50;49;0
51;49;1
52;49;1
53;49;1
54;49;1
55;49;1
56;49;1
57;49;1
58;49;1
59;49;1
60;49;0
61;49;2
62;49;4
63;49;6
64;49;7
65;49;7
66;49;7
67;49;4
68;49;4
69;49;2
70;49;4
71;49;4
72;49;4
73;49;4
74;49;4
75;49;4
76;49;1
77;49;1
78;49;1
79;49;2
80;49;6
81;49;7
82;49;4
83;49;2
84;49;4
85;49;1
86;49;0
87;49;0
88;49;0
89;49;1
90;49;6
91;49;6
92;49;6
93;49;6
94;49;6
95;49;6
96;49;4
97;49;1
98;49;1
99;49;4
0;50;4
1;50;4
2;50;2
3;50;2
4;50;2
5;50;4
6;50;4
7;50;0
8;50;0
9;50;1
10;50;1
11;50;1
12;50;1
13;50;1
14;50;1
15;50;1
16;50;0
17;50;0
18;50;1
19;50;1
20;50;4
21;50;6
22;50;6
23;50;6
24;50;6
25;50;6
26;50;6
27;50;6
28;50;6
29;50;6
30;50;6
31;50;6
32;50;6
33;50;6
34;50;6
35;50;6
36;50;6
37;50;6
38;50;4
39;50;4
40;50;6
41;50;6
42;50;6
43;50;2
44;50;0
45;50;1
46;50;0
47;50;0
48;50;0
49;50;1
50;50;1
51;50;1
52;50;1
53;50;1
54;50;1
55;50;1
56;50;1
57;50;1
58;50;1
59;50;0
60;50;0
61;50;2
62;50;4
63;50;4
64;50;6
65;50;7
66;50;7
67;50;7
68;50;6
69;50;4
70;50;4
71;50;4
72;50;4
73;50;4
74;50;4
75;50;4
76;50;1
77;50;1
78;50;1
79;50;0
80;50;1
81;50;6
82;50;6
83;50;4
84;50;6
85;50;1
86;50;1
87;50;1
88;50;1
89;50;0
90;50;4
91;50;7
92;50;6
93;50;6
94;50;6
95;50;6
96;50;4
97;50;1
98;50;2
99;50;6
0;51;4
1;51;4
2;51;2
3;51;2
4;51;4
5;51;6
6;51;1
7;51;1
8;51;1
9;51;1
10;51;1
11;51;1
12;51;1
13;51;1
14;51;1
15;51;1
16;51;1
17;51;1
18;51;1
19;51;1
20;51;4
21;51;6
22;51;6
23;51;6
24;51;6
25;51;6
26;51;6
27;51;6
28;51;6
29;51;6
30;51;6
31;51;6
32;51;6
33;51;6
34;51;6
35;51;6
36;51;6
37;51;6
38;51;4
39;51;4
40;51;6
41;51;6
42;51;6
43;51;4
44;51;1
45;51;1
46;51;1
47;51;0
48;51;0
49;51;1
50;51;1
51;51;1
52;51;1
53;51;1
54;51;1
55;51;1
56;51;1
57;51;0
58;51;0
59;51;0
60;51;0
61;51;4
62;51;4
63;51;6
64;51;6
65;51;7
66;51;7
67;51;7
68;51;7
69;51;7
70;51;4
71;51;4
72;51;2
73;51;2
74;51;2
75;51;2
76;51;1
77;51;1
78;51;1
79;51;0
80;51;0
81;51;2
82;51;7
83;51;7
84;51;7
85;51;4
86;51;1
87;51;1
88;51;1
89;51;0
90;51;4
91;51;7
92;51;6
93;51;6
94;51;6
95;51;6
96;51;2
97;51;0
98;51;1
99;51;6
0;52;6
1;52;2
2;52;2
3;52;2
4;52;4
5;52;2
6;52;0
7;52;1
8;52;1
9;52;1
10;52;1
11;52;1
12;52;1
13;52;1
14;52;1
15;52;1
16;52;1
17;52;1
18;52;1
19;52;1
20;52;4
21;52;6
22;52;6
23;52;6
24;52;4
25;52;6
26;52;6
27;52;6
28;52;6
29;52;6
30;52;6
31;52;6
32;52;7
33;52;6
34;52;6
35;52;6
36;52;6
37;52;6
38;52;4
39;52;6
40;52;6
41;52;6
42;52;6
43;52;4
44;52;1
45;52;1
46;52;1
47;52;1
48;52;1
49;52;0
50;52;1
51;52;1
52;52;1
53;52;1
54;52;1
55;52;0
56;52;0
57;52;0
58;52;0
59;52;0
60;52;2
61;52;4
62;52;4
63;52;7
64;52;7
65;52;7
66;52;7
67;52;7
68;52;7
69;52;7
70;52;4
71;52;2
72;52;0
73;52;1
74;52;2
75;52;2
76;52;2
77;52;1
78;52;1
79;52;0
80;52;0
81;52;0
82;52;6
83;52;7
84;52;7
85;52;6
86;52;1
87;52;1
88;52;1
89;52;0
90;52;2
91;52;6
92;52;6
93;52;6
94;52;6
95;52;6
96;52;2
97;52;0
98;52;0
99;52;6
0;53;4
1;53;2
2;53;2
3;53;4
4;53;4
5;53;1
6;53;0
7;53;0
8;53;0
9;53;0
10;53;0
11;53;0
12;53;0
13;53;1
14;53;1
15;53;1
16;53;1
17;53;1
18;53;1
19;53;1
20;53;4
21;53;6
22;53;6
23;53;6
24;53;6
25;53;6
26;53;6
27;53;6
28;53;6
29;53;6
30;53;6
31;53;6
32;53;6
33;53;6
34;53;6
35;53;6
36;53;6
37;53;6
38;53;4
39;53;6
40;53;6
41;53;6
42;53;6
43;53;6
44;53;1
45;53;1
46;53;1
47;53;1
48;53;1
49;53;1
50;53;1
51;53;1
52;53;1
53;53;1
54;53;0
55;53;0
56;53;0
57;53;0
58;53;2
59;53;4
60;53;4
61;53;6
62;53;7
63;53;7
64;53;7
65;53;7
66;53;7
67;53;7
68;53;7
69;53;7
70;53;4
71;53;2
72;53;2
73;53;1
74;53;2
75;53;6
76;53;4
77;53;4
78;53;1
79;53;0
80;53;0
81;53;0
82;53;4
83;53;7
84;53;7
85;53;6
86;53;1
87;53;1
88;53;2
89;53;1
90;53;2
91;53;6
92;53;6
93;53;6
94;53;6
95;53;6
96;53;1
97;53;0
98;53;0
99;53;6
0;54;2
1;54;4
2;54;4
3;54;4
4;54;4
5;54;4
6;54;0
7;54;0
8;54;0
9;54;0
10;54;0
11;54;0
12;54;0
13;54;0
14;54;0
15;54;0
16;54;0
17;54;0
18;54;1
19;54;0
20;54;2
21;54;6
22;54;6
23;54;6
24;54;6
25;54;6
26;54;6
27;54;6
28;54;6
29;54;6
30;54;6
31;54;6
32;54;6
33;54;6
34;54;6
35;54;6
36;54;6
37;54;6
38;54;6
39;54;4
40;54;6
41;54;6
42;54;6
43;54;4
44;54;1
45;54;1
46;54;1
47;54;0
48;54;0
49;54;0
50;54;1
51;54;1
52;54;1
53;54;1
54;54;1
55;54;4
56;54;4
57;54;4
58;54;4
59;54;4
60;54;7
61;54;7
62;54;7
63;54;7
64;54;7
65;54;7
66;54;7
67;54;7
68;54;7
69;54;7
70;54;7
71;54;4
72;54;4
73;54;2
74;54;4
75;54;6
76;54;6
77;54;6
78;54;4
79;54;1
80;54;0
81;54;0
82;54;4
83;54;7
84;54;7
85;54;4
86;54;1
87;54;1
88;54;1
89;54;0
90;54;0
91;54;4
92;54;6
93;54;6
94;54;6
95;54;2
96;54;1
97;54;1
98;54;1
99;54;6
0;55;4
1;55;4
2;55;2
3;55;4
4;55;4
5;55;4
6;55;4
7;55;2
8;55;0
9;55;0
10;55;0
11;55;0
12;55;0
13;55;0
14;55;0
15;55;0
16;55;1
17;55;1
18;55;1
19;55;1
20;55;2
21;55;6
22;55;6
23;55;6
24;55;6
25;55;6
26;55;6
27;55;6
28;55;6
29;55;6
30;55;6
31;55;6
32;55;7
33;55;6
34;55;6
35;55;6
36;55;6
37;55;6
38;55;6
39;55;4
40;55;6
41;55;6
42;55;6
43;55;4
44;55;1
45;55;1
46;55;1
47;55;1
48;55;0
49;55;0
50;55;0
51;55;0
52;55;1
53;55;1
54;55;1
55;55;2
56;55;2
57;55;2
58;55;2
59;55;2
60;55;4
61;55;7
62;55;6
63;55;6
64;55;6
65;55;7
66;55;7
67;55;7
68;55;7
69;55;7
70;55;7
71;55;7
72;55;4
73;55;2
74;55;4
75;55;6
76;55;6
77;55;6
78;55;6
79;55;1
80;55;0
81;55;0
82;55;2
83;55;7
84;55;7
85;55;4
86;55;2
87;55;2
88;55;1
89;55;0
90;55;0
91;55;0
92;55;2
93;55;6
94;55;4
95;55;0
96;55;1
97;55;1
98;55;2
99;55;6
0;56;4
1;56;6
2;56;4
3;56;4
4;56;2
5;56;2
6;56;4
7;56;4
8;56;4
9;56;4
10;56;2
11;56;1
12;56;0
13;56;0
14;56;0
15;56;1
16;56;1
17;56;1
18;56;1
19;56;1
20;56;1
21;56;6
22;56;6
23;56;6
24;56;6
25;56;6
26;56;6
27;56;6
28;56;6
29;56;6
30;56;6
31;56;6
32;56;6
33;56;6
34;56;6
35;56;6
36;56;6
37;56;6
38;56;4
39;56;4
40;56;6
41;56;6
42;56;6
43;56;4
44;56;1
45;56;1
46;56;1
47;56;0
48;56;0
49;56;0
50;56;0
51;56;0
52;56;0
53;56;1
54;56;1
55;56;1
56;56;1
57;56;1
58;56;1
59;56;1
60;56;0
61;56;2
62;56;7
63;56;6
64;56;6
65;56;6
66;56;7
67;56;7
68;56;7
69;56;7
70;56;7
71;56;7
72;56;4
73;56;2
74;56;4
75;56;4
76;56;6
77;56;6
78;56;6
79;56;1
80;56;0
81;56;0
82;56;1
83;56;4
84;56;7
85;56;6
86;56;4
87;56;2
88;56;1
89;56;0
90;56;0
91;56;0
92;56;0
93;56;1
94;56;0
95;56;0
96;56;0
97;56;2
98;56;4
99;56;7
0;57;7
1;57;7
2;57;7
3;57;6
4;57;4
5;57;4
6;57;2
7;57;4
8;57;4
9;57;2
10;57;1
11;57;1
12;57;1
13;57;0
14;57;0
15;57;0
16;57;1
17;57;1
18;57;1
19;57;1
20;57;1
21;57;6
22;57;6
23;57;6
24;57;6
25;57;6
26;57;6
27;57;6
28;57;6
29;57;6
30;57;6
31;57;6
32;57;6
33;57;6
34;57;6
35;57;6
36;57;6
37;57;6
38;57;4
39;57;4
40;57;6
41;57;6
42;57;6
43;57;4
44;57;1
45;57;1
46;57;1
47;57;0
48;57;0
49;57;0
50;57;0
51;57;0
52;57;1
53;57;1
54;57;1
55;57;1
56;57;1
57;57;1
58;57;1
59;57;0
60;57;0
61;57;0
62;57;6
63;57;7
64;57;6
65;57;6
66;57;4
67;57;7
68;57;7
69;57;7
70;57;7
71;57;7
72;57;5
73;57;2
74;57;2
75;57;4
76;57;4
77;57;6
78;57;6
79;57;1
80;57;0
81;57;0
82;57;2
83;57;4
84;57;4
85;57;6
86;57;6
87;57;4
88;57;1
89;57;0
90;57;0
91;57;0
92;57;0
93;57;0
94;57;0
95;57;0
96;57;0
97;57;2
98;57;6
99;57;7
0;58;7
1;58;7
2;58;7
3;58;7
4;58;6
5;58;7
6;58;6
7;58;4
8;58;2
9;58;1
10;58;1
11;58;1
12;58;1
13;58;0
14;58;0
15;58;0
16;58;0
17;58;0
18;58;0
19;58;1
20;58;1
21;58;4
22;58;6
23;58;6
24;58;6
25;58;6
26;58;6
27;58;6
28;58;6
29;58;6
30;58;6
31;58;6
32;58;6
33;58;6
34;58;6
35;58;6
36;58;6
37;58;6
38;58;6
39;58;6
40;58;6
41;58;6
42;58;6
43;58;2
44;58;1
45;58;1
46;58;1
47;58;0
48;58;0
49;58;0
50;58;0
51;58;0
52;58;0
53;58;0
54;58;0
55;58;1
56;58;1
57;58;1
58;58;1
59;58;1
60;58;2
61;58;6
62;58;7
63;58;7
64;58;7
65;58;7
66;58;4
67;58;4
68;58;6
69;58;7
70;58;7
71;58;7
72;58;6
73;58;4
74;58;2
75;58;2
76;58;4
77;58;4
78;58;4
79;58;2
80;58;1
81;58;1
82;58;2
83;58;2
84;58;2
85;58;4
86;58;6
87;58;6
88;58;4
89;58;0
90;58;0
91;58;0
92;58;0
93;58;0
94;58;0
95;58;0
96;58;0
97;58;2
98;58;7
99;58;7
0;59;7
1;59;7
2;59;7
3;59;7
4;59;7
5;59;4
6;59;4
7;59;2
8;59;1
9;59;1
10;59;1
11;59;1
12;59;1
13;59;1
14;59;0
15;59;0
16;59;0
17;59;0
18;59;1
19;59;0
20;59;1
21;59;1
22;59;6
23;59;6
24;59;6
25;59;4
26;59;6
27;59;6
28;59;6
29;59;6
30;59;6
31;59;6
32;59;6
33;59;6
34;59;6
35;59;6
36;59;6
37;59;6
38;59;4
39;59;6
40;59;6
41;59;6
42;59;6
43;59;1
44;59;1
45;59;1
46;59;1
47;59;0
48;59;0
49;59;0
50;59;0
51;59;0
52;59;0
53;59;0
54;59;1
55;59;1
56;59;1
57;59;1
58;59;1
59;59;2
60;59;6
61;59;7
62;59;6
63;59;6
64;59;7
65;59;7
66;59;6
67;59;2
68;59;2
69;59;6
70;59;7
71;59;6
72;59;6
73;59;4
74;59;4
75;59;4
76;59;4
77;59;4
78;59;4
79;59;4
80;59;6
81;59;6
82;59;6
83;59;4
84;59;2
85;59;2
86;59;2
87;59;6
88;59;4
89;59;1
90;59;0
91;59;1
92;59;0
93;59;0
94;59;1
95;59;0
96;59;0
97;59;2
98;59;6
99;59;7
0;60;7
1;60;7
2;60;7
3;60;7
4;60;7
5;60;6
6;60;2
7;60;0
8;60;0
9;60;0
10;60;1
11;60;1
12;60;1
13;60;1
14;60;1
15;60;1
16;60;1
17;60;0
18;60;0
19;60;0
20;60;0
21;60;0
22;60;6
23;60;6
24;60;6
25;60;6
26;60;6
27;60;6
28;60;6
29;60;6
30;60;6
31;60;6
32;60;6
33;60;6
34;60;6
35;60;6
36;60;6
37;60;4
38;60;6
39;60;6
40;60;6
41;60;6
42;60;4
43;60;1
44;60;1
45;60;1
46;60;1
47;60;1
48;60;0
49;60;0
50;60;0
51;60;0
52;60;0
53;60;1
54;60;1
55;60;1
56;60;1
57;60;0
58;60;0
59;60;0
60;60;4
61;60;6
62;60;6
63;60;6
64;60;6
65;60;7
66;60;6
67;60;2
68;60;0
69;60;0
70;60;4
71;60;4
72;60;4
73;60;4
74;60;2
75;60;2
76;60;2
77;60;4
78;60;4
79;60;4
80;60;7
81;60;7
82;60;7
83;60;4
84;60;2
85;60;2
86;60;2
87;60;4
88;60;4
89;60;1
90;60;1
91;60;4
92;60;1
93;60;0
94;60;2
95;60;1
96;60;0
97;60;4
98;60;7
99;60;7
0;61;7
1;61;7
2;61;7
3;61;6
4;61;6
5;61;6
6;61;2
7;61;0
8;61;0
9;61;0
10;61;0
11;61;0
12;61;0
13;61;0
14;61;1
15;61;1
16;61;1
17;61;1
18;61;0
19;61;0
20;61;0
21;61;0
22;61;2
23;61;6
24;61;6
25;61;6
26;61;6
27;61;6
28;61;4
29;61;6
30;61;6
31;61;6
32;61;6
33;61;6
34;61;6
35;61;6
36;61;6
37;61;4
38;61;4
39;61;6
40;61;6
41;61;6
42;61;1
43;61;1
44;61;1
45;61;1
46;61;1
47;61;1
48;61;1
49;61;1
50;61;1
51;61;1
52;61;1
53;61;1
54;61;1
55;61;1
56;61;1
57;61;1
58;61;1
59;61;0
60;61;0
61;61;4
62;61;7
63;61;7
64;61;6
65;61;6
66;61;7
67;61;4
68;61;0
69;61;1
70;61;4
71;61;6
72;61;4
73;61;4
74;61;2
75;61;2
76;61;2
77;61;2
78;61;2
79;61;4
80;61;7
81;61;7
82;61;7
83;61;4
84;61;2
85;61;2
86;61;2
87;61;2
88;61;4
89;61;4
90;61;4
91;61;6
92;61;1
93;61;0
94;61;4
95;61;4
96;61;2
97;61;6
98;61;7
99;61;7
0;62;7
1;62;7
2;62;7
3;62;4
4;62;4
5;62;4
6;62;2
7;62;2
8;62;0
9;62;0
10;62;0
11;62;0
12;62;0
13;62;0
14;62;2
15;62;6
16;62;4
17;62;1
18;62;1
19;62;1
20;62;1
21;62;1
22;62;1
23;62;4
24;62;6
25;62;6
26;62;6
27;62;4
28;62;4
29;62;4
30;62;6
31;62;6
32;62;6
33;62;4
34;62;6
35;62;4
36;62;4
37;62;4
38;62;6
39;62;6
40;62;6
41;62;4
42;62;1
43;62;1
44;62;1
45;62;1
46;62;1
47;62;1
48;62;1
49;62;1
50;62;1
51;62;1
52;62;1
53;62;1
54;62;1
55;62;1
56;62;1
57;62;1
58;62;2
59;62;2
60;62;2
61;62;4
62;62;6
63;62;7
64;62;7
65;62;6
66;62;7
67;62;4
68;62;1
69;62;1
70;62;6
71;62;7
72;62;7
73;62;6
74;62;4
75;62;2
76;62;2
77;62;2
78;62;4
79;62;4
80;62;7
81;62;7
82;62;7
83;62;4
84;62;2
85;62;2
86;62;2
87;62;4
88;62;4
89;62;7
90;62;7
91;62;7
92;62;2
93;62;0
94;62;4
95;62;6
96;62;6
97;62;7
98;62;6
99;62;6
0;63;7
1;63;7
2;63;7
3;63;4
4;63;4
5;63;2
6;63;2
7;63;4
8;63;2
9;63;0
10;63;0
11;63;0
12;63;0
13;63;4
14;63;6
15;63;4
16;63;4
17;63;1
18;63;1
19;63;1
20;63;1
21;63;1
22;63;1
23;63;1
24;63;6
25;63;6
26;63;6
27;63;6
28;63;4
29;63;4
30;63;4
31;63;4
32;63;4
33;63;4
34;63;4
35;63;4
36;63;4
37;63;6
38;63;6
39;63;6
40;63;6
41;63;4
42;63;0
43;63;0
44;63;1
45;63;1
46;63;1
47;63;1
48;63;1
49;63;0
50;63;0
51;63;1
52;63;1
53;63;1
54;63;1
55;63;1
56;63;0
57;63;2
58;63;6
59;63;4
60;63;4
61;63;4
62;63;4
63;63;4
64;63;6
65;63;7
66;63;7
67;63;2
68;63;0
69;63;0
70;63;2
71;63;6
72;63;7
73;63;7
74;63;7
75;63;4
76;63;1
77;63;2
78;63;6
79;63;7
80;63;6
81;63;7
82;63;7
83;63;4
84;63;2
85;63;4
86;63;6
87;63;6
88;63;7
89;63;7
90;63;7
91;63;7
92;63;4
93;63;4
94;63;4
95;63;4
96;63;4
97;63;6
98;63;6
99;63;6
0;64;7
1;64;7
2;64;7
3;64;4
4;64;2
5;64;4
6;64;2
7;64;2
8;64;4
9;64;4
10;64;2
11;64;0
12;64;4
13;64;6
14;64;2
15;64;1
16;64;1
17;64;1
18;64;1
19;64;1
20;64;1
21;64;1
22;64;1
23;64;0
24;64;1
25;64;4
26;64;6
27;64;6
28;64;6
29;64;4
30;64;4
31;64;4
32;64;4
33;64;4
34;64;4
35;64;6
36;64;6
37;64;6
38;64;6
39;64;6
40;64;6
41;64;6
42;64;2
43;64;0
44;64;1
45;64;1
46;64;1
47;64;1
48;64;1
49;64;1
50;64;0
51;64;0
52;64;0
53;64;0
54;64;0
55;64;1
56;64;1
57;64;1
58;64;2
59;64;2
60;64;4
61;64;4
62;64;2
63;64;2
64;64;4
65;64;6
66;64;7
67;64;4
68;64;1
69;64;0
70;64;1
71;64;2
72;64;4
73;64;6
74;64;6
75;64;6
76;64;6
77;64;6
78;64;4
79;64;4
80;64;4
81;64;7
82;64;7
83;64;4
84;64;4
85;64;7
86;64;7
87;64;7
88;64;7
89;64;7
90;64;6
91;64;7
92;64;6
93;64;6
94;64;6
95;64;4
96;64;4
97;64;4
98;64;7
99;64;7
0;65;7
1;65;7
2;65;7
3;65;6
4;65;2
5;65;2
6;65;2
7;65;2
8;65;7
9;65;7
10;65;7
11;65;6
12;65;4
13;65;1
14;65;1
15;65;1
16;65;1
17;65;1
18;65;1
19;65;1
20;65;1
21;65;1
22;65;1
23;65;1
24;65;1
25;65;2
26;65;6
27;65;6
28;65;6
29;65;6
30;65;4
31;65;6
32;65;4
33;65;4
34;65;4
35;65;6
36;65;6
37;65;6
38;65;6
39;65;6
40;65;4
41;65;2
42;65;1
43;65;1
44;65;0
45;65;0
46;65;1
47;65;1
48;65;1
49;65;1
50;65;1
51;65;0
52;65;0
53;65;0
54;65;0
55;65;0
56;65;1
57;65;0
58;65;0
59;65;2
60;65;4
61;65;4
62;65;2
63;65;2
64;65;2
65;65;4
66;65;7
67;65;6
68;65;2
69;65;0
70;65;1
71;65;4
72;65;4
73;65;4
74;65;2
75;65;7
76;65;6
77;65;2
78;65;0
79;65;1
80;65;4
81;65;6
82;65;7
83;65;6
84;65;6
85;65;6
86;65;7
87;65;7
88;65;7
89;65;6
90;65;6
91;65;6
92;65;6
93;65;6
94;65;7
95;65;7
96;65;7
97;65;6
98;65;7
99;65;7
0;66;7
1;66;7
2;66;7
3;66;7
4;66;4
5;66;2
6;66;2
7;66;4
8;66;7
9;66;6
10;66;6
11;66;4
12;66;1
13;66;1
14;66;1
15;66;1
16;66;1
17;66;1
18;66;1
19;66;1
20;66;1
21;66;1
22;66;1
23;66;1
24;66;0
25;66;0
26;66;4
27;66;6
28;66;6
29;66;6
30;66;6
31;66;6
32;66;6
33;66;6
34;66;6
35;66;6
36;66;6
37;66;6
38;66;6
39;66;6
40;66;2
41;66;1
42;66;1
43;66;1
44;66;1
45;66;0
46;66;0
47;66;1
48;66;1
49;66;1
50;66;1
51;66;1
52;66;1
53;66;1
54;66;0
55;66;0
56;66;0
57;66;0
58;66;0
59;66;2
60;66;4
61;66;2
62;66;2
63;66;2
64;66;2
65;66;4
66;66;7
67;66;7
68;66;6
69;66;1
70;66;0
71;66;4
72;66;7
73;66;4
74;66;4
75;66;6
76;66;6
77;66;2
78;66;0
79;66;0
80;66;1
81;66;1
82;66;4
83;66;6
84;66;7
85;66;6
86;66;6
87;66;7
88;66;7
89;66;7
90;66;7
91;66;7
92;66;6
93;66;6
94;66;7
95;66;7
96;66;7
97;66;7
98;66;7
99;66;7
0;67;7
1;67;7
2;67;7
3;67;7
4;67;4
5;67;4
6;67;2
7;67;4
8;67;4
9;67;4
10;67;4
11;67;1
12;67;0
13;67;1
14;67;1
15;67;1
16;67;1
17;67;1
18;67;1
19;67;1
20;67;1
21;67;1
22;67;1
23;67;0
24;67;0
25;67;0
26;67;2
27;67;6
28;67;6
29;67;6
30;67;6
31;67;6
32;67;6
33;67;6
34;67;6
35;67;6
36;67;6
37;67;6
38;67;6
39;67;2
40;67;1
41;67;1
42;67;1
43;67;1
44;67;1
45;67;0
46;67;0
47;67;0
48;67;0
49;67;1
50;67;1
51;67;1
52;67;0
53;67;0
54;67;1
55;67;0
56;67;0
57;67;0
58;67;0
59;67;2
60;67;4
61;67;4
62;67;4
63;67;4
64;67;4
65;67;2
66;67;4
67;67;7
68;67;7
69;67;4
70;67;1
71;67;2
72;67;7
73;67;4
74;67;4
75;67;4
76;67;4
77;67;4
78;67;0
79;67;0
80;67;1
81;67;1
82;67;1
83;67;4
84;67;7
85;67;6
86;67;6
87;67;7
88;67;7
89;67;7
90;67;7
91;67;7
92;67;7
93;67;6
94;67;6
95;67;6
96;67;6
97;67;7
98;67;7
99;67;7
0;68;7
1;68;7
2;68;7
3;68;7
4;68;4
5;68;2
6;68;2
7;68;2
8;68;2
9;68;2
10;68;2
11;68;0
12;68;0
13;68;0
14;68;1
15;68;1
16;68;1
17;68;1
18;68;0
19;68;0
20;68;0
21;68;0
22;68;0
23;68;0
24;68;0
25;68;0
26;68;0
27;68;2
28;68;4
29;68;4
30;68;6
31;68;6
32;68;6
33;68;6
34;68;6
35;68;6
36;68;6
37;68;4
38;68;2
39;68;1
40;68;1
41;68;1
42;68;1
43;68;1
44;68;1
45;68;1
46;68;0
47;68;1
48;68;0
49;68;0
50;68;1
51;68;1
52;68;0
53;68;0
54;68;1
55;68;2
56;68;2
57;68;0
58;68;0
59;68;2
60;68;4
61;68;4
62;68;4
63;68;4
64;68;2
65;68;2
66;68;2
67;68;4
68;68;6
69;68;6
70;68;4
71;68;2
72;68;7
73;68;6
74;68;2
75;68;2
76;68;4
77;68;4
78;68;0
79;68;0
80;68;2
81;68;4
82;68;1
83;68;2
84;68;4
85;68;4
86;68;6
87;68;7
88;68;7
89;68;7
90;68;7
91;68;7
92;68;7
93;68;7
94;68;7
95;68;7
96;68;6
97;68;6
98;68;7
99;68;7
0;69;7
1;69;7
2;69;7
3;69;7
4;69;4
5;69;2
6;69;2
7;69;2
8;69;2
9;69;4
10;69;2
11;69;0
12;69;0
13;69;0
14;69;0
15;69;1
16;69;1
17;69;1
18;69;0
19;69;0
20;69;0
21;69;0
22;69;0
23;69;0
24;69;0
25;69;0
26;69;0
27;69;0
28;69;1
29;69;2
30;69;4
31;69;6
32;69;6
33;69;6
34;69;6
35;69;6
36;69;4
37;69;1
38;69;1
39;69;0
40;69;1
41;69;1
42;69;1
43;69;1
44;69;1
45;69;1
46;69;1
47;69;1
48;69;1
49;69;0
50;69;0
51;69;1
52;69;0
53;69;0
54;69;0
55;69;2
56;69;4
57;69;4
58;69;2
59;69;4
60;69;4
61;69;4
62;69;4
63;69;4
64;69;4
65;69;2
66;69;4
67;69;4
68;69;2
69;69;4
70;69;6
71;69;7
72;69;7
73;69;7
74;69;4
75;69;6
76;69;7
77;69;6
78;69;0
79;69;0
80;69;4
81;69;6
82;69;2
83;69;2
84;69;2
85;69;4
86;69;7
87;69;7
88;69;7
89;69;4
90;69;6
91;69;7
92;69;7
93;69;7
94;69;7
95;69;7
96;69;7
97;69;6
98;69;6
99;69;7
0;70;7
1;70;7
2;70;7
3;70;7
4;70;7
5;70;4
6;70;2
7;70;2
8;70;2
9;70;7
10;70;6
11;70;4
12;70;0
13;70;0
14;70;0
15;70;0
16;70;0
17;70;2
18;70;0
19;70;0
20;70;0
21;70;0
22;70;0
23;70;0
24;70;0
25;70;0
26;70;0
27;70;0
28;70;0
29;70;0
30;70;1
31;70;4
32;70;4
33;70;4
34;70;6
35;70;6
36;70;1
37;70;0
38;70;1
39;70;1
40;70;0
41;70;0
42;70;1
43;70;1
44;70;1
45;70;1
46;70;1
47;70;1
48;70;1
49;70;1
50;70;0
51;70;0
52;70;0
53;70;0
54;70;0
55;70;0
56;70;4
57;70;4
58;70;4
59;70;4
60;70;4
61;70;4
62;70;4
63;70;4
64;70;4
65;70;2
66;70;4
67;70;7
68;70;4
69;70;2
70;70;4
71;70;7
72;70;7
73;70;6
74;70;6
75;70;7
76;70;7
77;70;6
78;70;2
79;70;0
80;70;4
81;70;2
82;70;2
83;70;4
84;70;2
85;70;4
86;70;6
87;70;7
88;70;4
89;70;2
90;70;4
91;70;6
92;70;7
93;70;7
94;70;7
95;70;7
96;70;7
97;70;7
98;70;6
99;70;6
0;71;6
1;71;6
2;71;6
3;71;4
4;71;4
5;71;4
6;71;2
7;71;2
8;71;4
9;71;4
10;71;4
11;71;4
12;71;2
13;71;0
14;71;2
15;71;4
16;71;4
17;71;2
18;71;0
19;71;0
20;71;0
21;71;0
22;71;0
23;71;0
24;71;0
25;71;0
26;71;0
27;71;0
28;71;0
29;71;0
30;71;0
31;71;0
32;71;0
33;71;0
34;71;1
35;71;2
36;71;0
37;71;0
38;71;1
39;71;1
40;71;0
41;71;0
42;71;0
43;71;1
44;71;1
45;71;0
46;71;1
47;71;1
48;71;1
49;71;1
50;71;1
51;71;0
52;71;0
53;71;0
54;71;0
55;71;0
56;71;2
57;71;4
58;71;4
59;71;4
60;71;4
61;71;4
62;71;4
63;71;4
64;71;4
65;71;2
66;71;5
67;71;7
68;71;6
69;71;4
70;71;4
71;71;7
72;71;7
73;71;6
74;71;6
75;71;6
76;71;4
77;71;4
78;71;4
79;71;2
80;71;2
81;71;1
82;71;4
83;71;4
84;71;2
85;71;2
86;71;4
87;71;4
88;71;2
89;71;2
90;71;2
91;71;4
92;71;4
93;71;6
94;71;7
95;71;7
96;71;7
97;71;6
98;71;7
99;71;6
0;72;4
1;72;4
2;72;2
3;72;4
4;72;2
5;72;2
6;72;2
7;72;2
8;72;2
9;72;4
10;72;4
11;72;2
12;72;2
13;72;4
14;72;4
15;72;7
16;72;7
17;72;4
18;72;0
19;72;0
20;72;0
21;72;0
22;72;0
23;72;0
24;72;0
25;72;0
26;72;0
27;72;0
28;72;0
29;72;0
30;72;0
31;72;0
32;72;0
33;72;0
34;72;0
35;72;0
36;72;0
37;72;0
38;72;1
39;72;1
40;72;0
41;72;0
42;72;0
43;72;0
44;72;1
45;72;0
46;72;0
47;72;1
48;72;1
49;72;1
50;72;2
51;72;2
52;72;0
53;72;0
54;72;0
55;72;0
56;72;2
57;72;4
58;72;4
59;72;4
60;72;4
61;72;2
62;72;2
63;72;4
64;72;4
65;72;4
66;72;7
67;72;6
68;72;2
69;72;4
70;72;4
71;72;6
72;72;7
73;72;7
74;72;6
75;72;4
76;72;2
77;72;4
78;72;2
79;72;2
80;72;2
81;72;4
82;72;4
83;72;2
84;72;4
85;72;4
86;72;2
87;72;2
88;72;2
89;72;2
90;72;4
91;72;4
92;72;6
93;72;6
94;72;7
95;72;7
96;72;7
97;72;7
98;72;7
99;72;7
0;73;4
1;73;4
2;73;4
3;73;4
4;73;2
5;73;2
6;73;2
7;73;2
8;73;2
9;73;4
10;73;4
11;73;6
12;73;6
13;73;7
14;73;6
15;73;6
16;73;7
17;73;7
18;73;6
19;73;4
20;73;2
21;73;0
22;73;2
23;73;4
24;73;1
25;73;0
26;73;0
27;73;0
28;73;0
29;73;0
30;73;0
31;73;0
32;73;0
33;73;0
34;73;0
35;73;0
36;73;0
37;73;0
38;73;1
39;73;1
40;73;0
41;73;0
42;73;0
43;73;0
44;73;1
45;73;1
46;73;0
47;73;0
48;73;1
49;73;1
50;73;2
51;73;6
52;73;2
53;73;2
54;73;2
55;73;1
56;73;2
57;73;4
58;73;4
59;73;4
60;73;4
61;73;2
62;73;2
63;73;2
64;73;2
65;73;4
66;73;7
67;73;6
68;73;0
69;73;2
70;73;4
71;73;4
72;73;7
73;73;6
74;73;4
75;73;4
76;73;4
77;73;4
78;73;2
79;73;2
80;73;2
81;73;2
82;73;2
83;73;2
84;73;6
85;73;6
86;73;4
87;73;4
88;73;2
89;73;4
90;73;4
91;73;4
92;73;6
93;73;6
94;73;7
95;73;7
96;73;7
97;73;7
98;73;7
99;73;7
0;74;4
1;74;4
2;74;4
3;74;4
4;74;2
5;74;2
6;74;2
7;74;2
8;74;4
9;74;4
10;74;7
11;74;7
12;74;7
13;74;4
14;74;7
15;74;7
16;74;7
17;74;7
18;74;7
19;74;7
20;74;7
21;74;6
22;74;7
23;74;6
24;74;0
25;74;0
26;74;0
27;74;0
28;74;0
29;74;0
30;74;0
31;74;0
32;74;0
33;74;0
34;74;0
35;74;0
36;74;0
37;74;0
38;74;0
39;74;1
40;74;0
41;74;0
42;74;0
43;74;0
44;74;0
45;74;1
46;74;0
47;74;0
48;74;0
49;74;1
50;74;0
51;74;2
52;74;6
53;74;4
54;74;4
55;74;4
56;74;4
57;74;4
58;74;4
59;74;4
60;74;4
61;74;2
62;74;2
63;74;2
64;74;4
65;74;6
66;74;7
67;74;6
68;74;1
69;74;2
70;74;4
71;74;4
72;74;6
73;74;4
74;74;4
75;74;4
76;74;4
77;74;4
78;74;2
79;74;4
80;74;2
81;74;1
82;74;2
83;74;2
84;74;6
85;74;4
86;74;4
87;74;4
88;74;4
89;74;2
90;74;4
91;74;4
92;74;4
93;74;4
94;74;7
95;74;7
96;74;7
97;74;7
98;74;7
99;74;7
0;75;4
1;75;4
2;75;4
3;75;4
4;75;4
5;75;4
6;75;2
7;75;4
8;75;4
9;75;7
10;75;7
11;75;7
12;75;6
13;75;2
14;75;6
15;75;7
16;75;7
17;75;7
18;75;7
19;75;7
20;75;7
21;75;7
22;75;7
23;75;6
24;75;0
25;75;0
26;75;0
27;75;0
28;75;0
29;75;0
30;75;0
31;75;0
32;75;0
33;75;0
34;75;0
35;75;0
36;75;0
37;75;0
38;75;0
39;75;1
40;75;1
41;75;1
42;75;0
43;75;0
44;75;0
45;75;0
46;75;1
47;75;0
48;75;0
49;75;0
50;75;0
51;75;0
52;75;6
53;75;7
54;75;4
55;75;4
56;75;4
57;75;4
58;75;4
59;75;4
60;75;4
61;75;4
62;75;4
63;75;2
64;75;4
65;75;6
66;75;4
67;75;4
68;75;4
69;75;2
70;75;4
71;75;4
72;75;6
73;75;4
74;75;4
75;75;4
76;75;4
77;75;2
78;75;2
79;75;4
80;75;4
81;75;0
82;75;2
83;75;4
84;75;2
85;75;2
86;75;1
87;75;1
88;75;4
89;75;4
90;75;4
91;75;4
92;75;4
93;75;4
94;75;7
95;75;7
96;75;7
97;75;7
98;75;7
99;75;7
0;76;4
1;76;4
2;76;4
3;76;4
4;76;4
5;76;4
6;76;4
7;76;4
8;76;6
9;76;6
10;76;4
11;76;6
12;76;6
13;76;2
14;76;6
15;76;7
16;76;7
17;76;7
18;76;7
19;76;7
20;76;7
21;76;7
22;76;7
23;76;6
24;76;0
25;76;0
26;76;0
27;76;0
28;76;0
29;76;0
30;76;0
31;76;0
32;76;0
33;76;0
34;76;0
35;76;0
36;76;1
37;76;0
38;76;0
39;76;1
40;76;1
41;76;2
42;76;1
43;76;0
44;76;0
45;76;0
46;76;1
47;76;1
48;76;0
49;76;0
50;76;1
51;76;0
52;76;2
53;76;7
54;76;4
55;76;4
56;76;4
57;76;4
58;76;4
59;76;2
60;76;4
61;76;4
62;76;2
63;76;4
64;76;6
65;76;2
66;76;2
67;76;6
68;76;4
69;76;4
70;76;4
71;76;4
72;76;4
73;76;2
74;76;4
75;76;4
76;76;4
77;76;2
78;76;2
79;76;4
80;76;1
81;76;0
82;76;4
83;76;4
84;76;0
85;76;1
86;76;0
87;76;0
88;76;2
89;76;4
90;76;4
91;76;2
92;76;4
93;76;4
94;76;7
95;76;7
96;76;7
97;76;7
98;76;7
99;76;7
0;77;4
1;77;4
2;77;4
3;77;4
4;77;4
5;77;4
6;77;4
7;77;2
8;77;4
9;77;4
10;77;2
11;77;4
12;77;4
13;77;2
14;77;4
15;77;7
16;77;7
17;77;7
18;77;7
19;77;7
20;77;7
21;77;7
22;77;7
23;77;4
24;77;0
25;77;1
26;77;1
27;77;0
28;77;0
29;77;0
30;77;0
31;77;0
32;77;0
33;77;0
34;77;0
35;77;0
36;77;0
37;77;0
38;77;0
39;77;1
40;77;1
41;77;2
42;77;4
43;77;0
44;77;0
45;77;0
46;77;0
47;77;1
48;77;0
49;77;0
50;77;0
51;77;0
52;77;0
53;77;6
54;77;7
55;77;6
56;77;4
57;77;4
58;77;4
59;77;4
60;77;4
61;77;4
62;77;6
63;77;7
64;77;7
65;77;4
66;77;4
67;77;7
68;77;4
69;77;6
70;77;6
71;77;6
72;77;4
73;77;4
74;77;4
75;77;2
76;77;2
77;77;2
78;77;1
79;77;0
80;77;0
81;77;1
82;77;6
83;77;2
84;77;0
85;77;1
86;77;0
87;77;1
88;77;1
89;77;4
90;77;4
91;77;2
92;77;4
93;77;4
94;77;7
95;77;7
96;77;7
97;77;7
98;77;7
99;77;7
0;78;4
1;78;4
2;78;4
3;78;4
4;78;4
5;78;4
6;78;2
7;78;4
8;78;6
9;78;4
10;78;4
11;78;4
12;78;2
13;78;2
14;78;2
15;78;6
16;78;7
17;78;6
18;78;7
19;78;7
20;78;7
21;78;7
22;78;7
23;78;4
24;78;1
25;78;1
26;78;1
27;78;0
28;78;0
29;78;0
30;78;0
31;78;0
32;78;0
33;78;0
34;78;0
35;78;0
36;78;0
37;78;0
38;78;0
39;78;1
40;78;1
41;78;1
42;78;4
43;78;4
44;78;0
45;78;0
46;78;0
47;78;0
48;78;1
49;78;0
50;78;0
51;78;0
52;78;0
53;78;2
54;78;7
55;78;7
56;78;7
57;78;4
58;78;4
59;78;4
60;78;4
61;78;7
62;78;7
63;78;7
64;78;7
65;78;7
66;78;7
67;78;7
68;78;7
69;78;7
70;78;7
71;78;4
72;78;4
73;78;4
74;78;4
75;78;2
76;78;2
77;78;4
78;78;2
79;78;0
80;78;0
81;78;2
82;78;7
83;78;2
84;78;2
85;78;4
86;78;0
87;78;1
88;78;0
89;78;4
90;78;7
91;78;4
92;78;2
93;78;4
94;78;7
95;78;7
96;78;7
97;78;7
98;78;7
99;78;7
0;79;4
1;79;4
2;79;4
3;79;4
4;79;4
5;79;4
6;79;4
7;79;4
8;79;7
9;79;6
10;79;6
11;79;7
12;79;4
13;79;2
14;79;2
15;79;2
16;79;4
17;79;6
18;79;7
19;79;7
20;79;7
21;79;7
22;79;7
23;79;4
24;79;1
25;79;1
26;79;2
27;79;1
28;79;0
29;79;0
30;79;0
31;79;0
32;79;0
33;79;0
34;79;0
35;79;0
36;79;0
37;79;1
38;79;0
39;79;0
40;79;1
41;79;1
42;79;4
43;79;4
44;79;2
45;79;0
46;79;0
47;79;0
48;79;0
49;79;0
50;79;0
51;79;0
52;79;0
53;79;2
54;79;7
55;79;7
56;79;7
57;79;4
58;79;2
59;79;2
60;79;4
61;79;4
62;79;7
63;79;7
64;79;7
65;79;7
66;79;7
67;79;7
68;79;7
69;79;6
70;79;4
71;79;2
72;79;4
73;79;4
74;79;4
75;79;4
76;79;4
77;79;2
78;79;4
79;79;2
80;79;2
81;79;4
82;79;4
83;79;6
84;79;6
85;79;6
86;79;1
87;79;1
88;79;1
89;79;4
90;79;7
91;79;7
92;79;6
93;79;4
94;79;4
95;79;7
96;79;7
97;79;7
98;79;7
99;79;7
0;80;4
1;80;4
2;80;4
3;80;4
4;80;6
5;80;6
6;80;4
7;80;7
8;80;7
9;80;7
10;80;7
11;80;7
12;80;4
13;80;2
14;80;2
15;80;2
16;80;2
17;80;4
18;80;7
19;80;7
20;80;7
21;80;7
22;80;7
23;80;4
24;80;1
25;80;2
26;80;6
27;80;0
28;80;0
29;80;0
30;80;0
31;80;0
32;80;0
33;80;0
34;80;0
35;80;0
36;80;0
37;80;0
38;80;0
39;80;0
40;80;1
41;80;1
42;80;1
43;80;6
44;80;4
45;80;0
46;80;0
47;80;0
48;80;0
49;80;0
50;80;0
51;80;0
52;80;0
53;80;0
54;80;6
55;80;7
56;80;6
57;80;6
58;80;4
59;80;4
60;80;4
61;80;4
62;80;7
63;80;7
64;80;7
65;80;7
66;80;7
67;80;7
68;80;7
69;80;4
70;80;2
71;80;2
72;80;4
73;80;4
74;80;4
75;80;4
76;80;2
77;80;2
78;80;4
79;80;4
80;80;4
81;80;2
82;80;4
83;80;7
84;80;7
85;80;6
86;80;1
87;80;1
88;80;1
89;80;4
90;80;7
91;80;7
92;80;7
93;80;7
94;80;6
95;80;7
96;80;7
97;80;7
98;80;7
99;80;7
0;81;4
1;81;4
2;81;4
3;81;4
4;81;6
5;81;4
6;81;7
7;81;7
8;81;7
9;81;7
10;81;7
11;81;6
12;81;4
13;81;2
14;81;2
15;81;2
16;81;2
17;81;4
18;81;7
19;81;7
20;81;7
21;81;7
22;81;7
23;81;4
24;81;4
25;81;6
26;81;6
27;81;2
28;81;1
29;81;1
30;81;1
31;81;0
32;81;0
33;81;0
34;81;0
35;81;0
36;81;0
37;81;0
38;81;0
39;81;0
40;81;0
41;81;1
42;81;1
43;81;2
44;81;7
45;81;2
46;81;0
47;81;0
48;81;0
49;81;0
50;81;0
51;81;0
52;81;0
53;81;0
54;81;4
55;81;7
56;81;6
57;81;7
58;81;6
59;81;4
60;81;4
61;81;4
62;81;6
63;81;6
64;81;6
65;81;4
66;81;4
67;81;7
68;81;6
69;81;4
70;81;4
71;81;4
72;81;4
73;81;4
74;81;4
75;81;4
76;81;2
77;81;4
78;81;4
79;81;4
80;81;4
81;81;2
82;81;2
83;81;4
84;81;6
85;81;4
86;81;1
87;81;1
88;81;1
89;81;4
90;81;6
91;81;6
92;81;7
93;81;7
94;81;7
95;81;7
96;81;7
97;81;7
98;81;7
99;81;7
0;82;4
1;82;2
2;82;4
3;82;6
4;82;4
5;82;6
6;82;7
7;82;7
8;82;7
9;82;7
10;82;7
11;82;6
12;82;2
13;82;4
14;82;2
15;82;2
16;82;2
17;82;4
18;82;7
19;82;7
20;82;7
21;82;7
22;82;6
23;82;4
24;82;4
25;82;6
26;82;7
27;82;4
28;82;4
29;82;6
30;82;1
31;82;0
32;82;0
33;82;0
34;82;0
35;82;0
36;82;0
37;82;0
38;82;0
39;82;0
40;82;0
41;82;1
42;82;1
43;82;0
44;82;6
45;82;7
46;82;2
47;82;0
48;82;0
49;82;0
50;82;2
51;82;4
52;82;0
53;82;0
54;82;4
55;82;7
56;82;6
57;82;4
58;82;7
59;82;4
60;82;4
61;82;4
62;82;4
63;82;4
64;82;4
65;82;4
66;82;2
67;82;4
68;82;4
69;82;4
70;82;4
71;82;6
72;82;4
73;82;4
74;82;4
75;82;2
76;82;4
77;82;4
78;82;4
79;82;4
80;82;4
81;82;2
82;82;4
83;82;2
84;82;1
85;82;1
86;82;1
87;82;1
88;82;2
89;82;6
90;82;2
91;82;1
92;82;4
93;82;7
94;82;7
95;82;7
96;82;7
97;82;7
98;82;7
99;82;7
0;83;4
1;83;4
2;83;6
3;83;4
4;83;4
5;83;4
6;83;6
7;83;7
8;83;7
9;83;7
10;83;7
11;83;7
12;83;4
13;83;4
14;83;2
15;83;4
16;83;4
17;83;4
18;83;7
19;83;7
20;83;7
21;83;7
22;83;6
23;83;4
24;83;4
25;83;6
26;83;7
27;83;2
28;83;4
29;83;7
30;83;1
31;83;0
32;83;0
33;83;0
34;83;0
35;83;0
36;83;0
37;83;0
38;83;0
39;83;0
40;83;0
41;83;0
42;83;1
43;83;1
44;83;4
45;83;7
46;83;6
47;83;6
48;83;4
49;83;4
50;83;6
51;83;7
52;83;6
53;83;2
54;83;4
55;83;6
56;83;6
57;83;4
58;83;6
59;83;4
60;83;4
61;83;4
62;83;4
63;83;4
64;83;4
65;83;4
66;83;2
67;83;4
68;83;4
69;83;2
70;83;4
71;83;7
72;83;6
73;83;4
74;83;2
75;83;4
76;83;4
77;83;4
78;83;4
79;83;4
80;83;4
81;83;2
82;83;4
83;83;2
84;83;1
85;83;1
86;83;1
87;83;2
88;83;4
89;83;6
90;83;2
91;83;0
92;83;2
93;83;7
94;83;7
95;83;7
96;83;7
97;83;7
98;83;7
99;83;7
0;84;7
1;84;6
2;84;4
3;84;4
4;84;4
5;84;6
6;84;6
7;84;7
8;84;7
9;84;7
10;84;7
11;84;7
12;84;4
13;84;2
14;84;2
15;84;4
16;84;6
17;84;6
18;84;6
19;84;7
20;84;7
21;84;6
22;84;6
23;84;4
24;84;4
25;84;6
26;84;7
27;84;4
28;84;6
29;84;7
30;84;2
31;84;0
32;84;0
33;84;0
34;84;0
35;84;0
36;84;0
37;84;0
38;84;0
39;84;0
40;84;0
41;84;0
42;84;0
43;84;1
44;84;2
45;84;7
46;84;7
47;84;7
48;84;7
49;84;7
50;84;7
51;84;7
52;84;7
53;84;6
54;84;4
55;84;6
56;84;4
57;84;4
58;84;4
59;84;4
60;84;4
61;84;4
62;84;4
63;84;4
64;84;6
65;84;4
66;84;4
67;84;4
68;84;4
69;84;4
70;84;7
71;84;7
72;84;7
73;84;4
74;84;2
75;84;4
76;84;2
77;84;4
78;84;4
79;84;4
80;84;4
81;84;2
82;84;4
83;84;2
84;84;2
85;84;4
86;84;4
87;84;4
88;84;2
89;84;4
90;84;2
91;84;1
92;84;1
93;84;4
94;84;7
95;84;7
96;84;7
97;84;7
98;84;7
99;84;7
0;85;4
1;85;4
2;85;6
3;85;4
4;85;6
5;85;7
6;85;7
7;85;7
8;85;7
9;85;7
10;85;7
11;85;7
12;85;6
13;85;1
14;85;2
15;85;4
16;85;6
17;85;6
18;85;6
19;85;7
20;85;7
21;85;6
22;85;6
23;85;7
24;85;4
25;85;6
26;85;6
27;85;6
28;85;7
29;85;7
30;85;2
31;85;0
32;85;0
33;85;0
34;85;0
35;85;0
36;85;0
37;85;0
38;85;0
39;85;1
40;85;0
41;85;0
42;85;0
43;85;0
44;85;1
45;85;6
46;85;7
47;85;7
48;85;7
49;85;7
50;85;7
51;85;7
52;85;7
53;85;7
54;85;7
55;85;6
56;85;4
57;85;4
58;85;4
59;85;4
60;85;7
61;85;6
62;85;4
63;85;4
64;85;4
65;85;4
66;85;2
67;85;2
68;85;4
69;85;6
70;85;7
71;85;7
72;85;6
73;85;4
74;85;4
75;85;4
76;85;4
77;85;4
78;85;4
79;85;4
80;85;2
81;85;2
82;85;4
83;85;4
84;85;2
85;85;4
86;85;6
87;85;4
88;85;4
89;85;2
90;85;1
91;85;1
92;85;0
93;85;1
94;85;6
95;85;7
96;85;7
97;85;7
98;85;7
99;85;7
0;86;2
1;86;4
2;86;6
3;86;4
4;86;7
5;86;7
6;86;7
7;86;7
8;86;7
9;86;7
10;86;7
11;86;7
12;86;6
13;86;2
14;86;2
15;86;2
16;86;4
17;86;6
18;86;7
19;86;7
20;86;7
21;86;6
22;86;6
23;86;4
24;86;6
25;86;6
26;86;6
27;86;4
28;86;7
29;86;7
30;86;4
31;86;0
32;86;0
33;86;0
34;86;1
35;86;0
36;86;0
37;86;0
38;86;0
39;86;1
40;86;0
41;86;0
42;86;0
43;86;0
44;86;0
45;86;6
46;86;7
47;86;7
48;86;7
49;86;7
50;86;7
51;86;7
52;86;7
53;86;7
54;86;6
55;86;6
56;86;7
57;86;7
58;86;6
59;86;4
60;86;7
61;86;6
62;86;4
63;86;4
64;86;4
65;86;4
66;86;4
67;86;2
68;86;4
69;86;7
70;86;7
71;86;7
72;86;4
73;86;4
74;86;4
75;86;4
76;86;4
77;86;4
78;86;7
79;86;4
80;86;2
81;86;4
82;86;4
83;86;4
84;86;2
85;86;2
86;86;2
87;86;4
88;86;4
89;86;2
90;86;1
91;86;1
92;86;1
93;86;1
94;86;4
95;86;7
96;86;7
97;86;7
98;86;7
99;86;7
0;87;6
1;87;6
2;87;4
3;87;4
4;87;6
5;87;7
6;87;7
7;87;7
8;87;7
9;87;7
10;87;7
11;87;7
12;87;7
13;87;6
14;87;2
15;87;2
16;87;4
17;87;7
18;87;7
19;87;7
20;87;6
21;87;6
22;87;6
23;87;4
24;87;7
25;87;7
26;87;7
27;87;7
28;87;7
29;87;7
30;87;6
31;87;0
32;87;0
33;87;0
34;87;4
35;87;1
36;87;0
37;87;0
38;87;0
39;87;1
40;87;1
41;87;0
42;87;0
43;87;0
44;87;0
45;87;6
46;87;7
47;87;7
48;87;7
49;87;7
50;87;6
51;87;7
52;87;6
53;87;6
54;87;6
55;87;6
56;87;7
57;87;7
58;87;7
59;87;4
60;87;4
61;87;4
62;87;2
63;87;2
64;87;4
65;87;4
66;87;4
67;87;4
68;87;4
69;87;7
70;87;7
71;87;7
72;87;6
73;87;4
74;87;4
75;87;4
76;87;4
77;87;4
78;87;7
79;87;4
80;87;4
81;87;4
82;87;4
83;87;4
84;87;2
85;87;2
86;87;1
87;87;4
88;87;4
89;87;2
90;87;1
91;87;1
92;87;1
93;87;1
94;87;4
95;87;7
96;87;7
97;87;7
98;87;7
99;87;7
0;88;7
1;88;4
2;88;4
3;88;4
4;88;4
5;88;7
6;88;7
7;88;7
8;88;7
9;88;7
10;88;7
11;88;7
12;88;7
13;88;6
14;88;4
15;88;2
16;88;4
17;88;7
18;88;7
19;88;7
20;88;6
21;88;6
22;88;7
23;88;7
24;88;7
25;88;7
26;88;7
27;88;7
28;88;7
29;88;7
30;88;7
31;88;2
32;88;0
33;88;2
34;88;7
35;88;2
36;88;0
37;88;0
38;88;2
39;88;2
40;88;1
41;88;1
42;88;1
43;88;0
44;88;0
45;88;6
46;88;7
47;88;7
48;88;7
49;88;7
50;88;6
51;88;4
52;88;4
53;88;4
54;88;6
55;88;6
56;88;7
57;88;7
58;88;7
59;88;4
60;88;4
61;88;4
62;88;4
63;88;4
64;88;4
65;88;4
66;88;2
67;88;4
68;88;6
69;88;7
70;88;7
71;88;7
72;88;6
73;88;4
74;88;4
75;88;4
76;88;4
77;88;4
78;88;7
79;88;7
80;88;4
81;88;4
82;88;4
83;88;6
84;88;4
85;88;2
86;88;2
87;88;4
88;88;4
89;88;4
90;88;2
91;88;1
92;88;1
93;88;2
94;88;6
95;88;7
96;88;7
97;88;7
98;88;7
99;88;7
0;89;6
1;89;4
2;89;4
3;89;4
4;89;4
5;89;4
6;89;6
7;89;6
8;89;7
9;89;7
10;89;7
11;89;7
12;89;7
13;89;6
14;89;4
15;89;4
16;89;6
17;89;7
18;89;7
19;89;7
20;89;6
21;89;7
22;89;7
23;89;7
24;89;7
25;89;7
26;89;7
27;89;7
28;89;7
29;89;7
30;89;7
31;89;4
32;89;0
33;89;6
34;89;7
35;89;6
36;89;0
37;89;0
38;89;4
39;89;4
40;89;0
41;89;1
42;89;2
43;89;2
44;89;0
45;89;4
46;89;7
47;89;7
48;89;7
49;89;7
50;89;7
51;89;4
52;89;4
53;89;7
54;89;6
55;89;6
56;89;7
57;89;7
58;89;7
59;89;4
60;89;4
61;89;4
62;89;4
63;89;4
64;89;6
65;89;2
66;89;2
67;89;2
68;89;4
69;89;7
70;89;7
71;89;7
72;89;6
73;89;4
74;89;4
75;89;4
76;89;4
77;89;6
78;89;7
79;89;6
80;89;6
81;89;4
82;89;4
83;89;6
84;89;4
85;89;4
86;89;4
87;89;4
88;89;2
89;89;4
90;89;2
91;89;0
92;89;1
93;89;4
94;89;7
95;89;7
96;89;7
97;89;7
98;89;7
99;89;7
0;90;4
1;90;4
2;90;4
3;90;2
4;90;2
5;90;2
6;90;2
7;90;4
8;90;7
9;90;7
10;90;7
11;90;7
12;90;7
13;90;7
14;90;6
15;90;6
16;90;6
17;90;7
18;90;7
19;90;7
20;90;7
21;90;7
22;90;7
23;90;7
24;90;7
25;90;7
26;90;7
27;90;7
28;90;7
29;90;7
30;90;7
31;90;6
32;90;6
33;90;7
34;90;6
35;90;7
36;90;2
37;90;0
38;90;7
39;90;7
40;90;2
41;90;1
42;90;2
43;90;7
44;90;4
45;90;2
46;90;4
47;90;6
48;90;6
49;90;6
50;90;4
51;90;4
52;90;4
53;90;7
54;90;7
55;90;6
56;90;7
57;90;7
58;90;7
59;90;4
60;90;4
61;90;7
62;90;4
63;90;4
64;90;7
65;90;4
66;90;4
67;90;6
68;90;4
69;90;6
70;90;7
71;90;7
72;90;7
73;90;7
74;90;7
75;90;7
76;90;7
77;90;7
78;90;7
79;90;4
80;90;7
81;90;4
82;90;4
83;90;4
84;90;4
85;90;4
86;90;6
87;90;4
88;90;2
89;90;2
90;90;2
91;90;1
92;90;0
93;90;6
94;90;7
95;90;7
96;90;7
97;90;7
98;90;7
99;90;7
0;91;4
1;91;4
2;91;4
3;91;4
4;91;4
5;91;4
6;91;6
7;91;7
8;91;7
9;91;7
10;91;7
11;91;7
12;91;7
13;91;7
14;91;6
15;91;6
16;91;6
17;91;7
18;91;7
19;91;6
20;91;7
21;91;7
22;91;7
23;91;7
24;91;7
25;91;7
26;91;7
27;91;7
28;91;7
29;91;7
30;91;7
31;91;7
32;91;7
33;91;7
34;91;7
35;91;7
36;91;6
37;91;4
38;91;7
39;91;7
40;91;4
41;91;0
42;91;2
43;91;7
44;91;7
45;91;4
46;91;2
47;91;2
48;91;4
49;91;2
50;91;2
51;91;2
52;91;4
53;91;4
54;91;7
55;91;6
56;91;7
57;91;7
58;91;4
59;91;4
60;91;4
61;91;6
62;91;4
63;91;4
64;91;6
65;91;4
66;91;6
67;91;7
68;91;4
69;91;6
70;91;7
71;91;7
72;91;7
73;91;7
74;91;7
75;91;7
76;91;7
77;91;7
78;91;6
79;91;4
80;91;7
81;91;4
82;91;4
83;91;2
84;91;2
85;91;4
86;91;6
87;91;4
88;91;2
89;91;4
90;91;4
91;91;2
92;91;0
93;91;4
94;91;7
95;91;7
96;91;7
97;91;7
98;91;7
99;91;7
0;92;4
1;92;4
2;92;4
3;92;4
4;92;4
5;92;4
6;92;4
7;92;4
8;92;4
9;92;4
10;92;4
11;92;7
12;92;7
13;92;7
14;92;7
15;92;7
16;92;7
17;92;7
18;92;7
19;92;7
20;92;7
21;92;7
22;92;7
23;92;7
24;92;7
25;92;7
26;92;7
27;92;7
28;92;7
29;92;7
30;92;7
31;92;7
32;92;7
33;92;7
34;92;7
35;92;7
36;92;7
37;92;7
38;92;7
39;92;7
40;92;7
41;92;1
42;92;0
43;92;6
44;92;7
45;92;4
46;92;2
47;92;2
48;92;2
49;92;2
50;92;2
51;92;2
52;92;2
53;92;4
54;92;4
55;92;6
56;92;7
57;92;7
58;92;4
59;92;4
60;92;4
61;92;4
62;92;6
63;92;6
64;92;6
65;92;7
66;92;7
67;92;7
68;92;7
69;92;7
70;92;7
71;92;7
72;92;7
73;92;7
74;92;7
75;92;7
76;92;7
77;92;7
78;92;4
79;92;4
80;92;6
81;92;2
82;92;2
83;92;2
84;92;2
85;92;4
86;92;4
87;92;4
88;92;2
89;92;4
90;92;4
91;92;4
92;92;1
93;92;4
94;92;7
95;92;7
96;92;7
97;92;6
98;92;7
99;92;7
0;93;4
1;93;4
2;93;4
3;93;4
4;93;4
5;93;4
6;93;2
7;93;2
8;93;2
9;93;2
10;93;4
11;93;7
12;93;7
13;93;7
14;93;7
15;93;7
16;93;7
17;93;7
18;93;7
19;93;7
20;93;7
21;93;7
22;93;7
23;93;7
24;93;7
25;93;7
26;93;7
27;93;7
28;93;7
29;93;7
30;93;7
31;93;7
32;93;7
33;93;7
34;93;7
35;93;7
36;93;7
37;93;7
38;93;7
39;93;7
40;93;7
41;93;4
42;93;0
43;93;6
44;93;7
45;93;7
46;93;4
47;93;2
48;93;2
49;93;2
50;93;2
51;93;2
52;93;2
53;93;2
54;93;4
55;93;4
56;93;7
57;93;7
58;93;7
59;93;7
60;93;4
61;93;4
62;93;7
63;93;7
64;93;7
65;93;7
66;93;7
67;93;7
68;93;7
69;93;7
70;93;7
71;93;7
72;93;7
73;93;7
74;93;7
75;93;7
76;93;7
77;93;7
78;93;2
79;93;4
80;93;4
81;93;2
82;93;4
83;93;4
84;93;2
85;93;4
86;93;4
87;93;4
88;93;2
89;93;2
90;93;4
91;93;4
92;93;2
93;93;2
94;93;7
95;93;7
96;93;7
97;93;6
98;93;6
99;93;6
0;94;4
1;94;4
2;94;4
3;94;4
4;94;4
5;94;4
6;94;2
7;94;2
8;94;4
9;94;4
10;94;7
11;94;7
12;94;7
13;94;7
14;94;6
15;94;7
16;94;7
17;94;7
18;94;7
19;94;7
20;94;7
21;94;7
22;94;7
23;94;7
24;94;7
25;94;7
26;94;7
27;94;7
28;94;7
29;94;7
30;94;7
31;94;7
32;94;7
33;94;7
34;94;7
35;94;7
36;94;7
37;94;7
38;94;7
39;94;7
40;94;7
41;94;6
42;94;0
43;94;4
44;94;7
45;94;7
46;94;7
47;94;4
48;94;2
49;94;2
50;94;2
51;94;2
52;94;2
53;94;2
54;94;2
55;94;2
56;94;2
57;94;4
58;94;4
59;94;7
60;94;7
61;94;7
62;94;7
63;94;6
64;94;4
65;94;6
66;94;7
67;94;7
68;94;7
69;94;7
70;94;7
71;94;7
72;94;7
73;94;7
74;94;7
75;94;7
76;94;6
77;94;4
78;94;2
79;94;4
80;94;2
81;94;4
82;94;4
83;94;4
84;94;4
85;94;4
86;94;4
87;94;4
88;94;4
89;94;2
90;94;2
91;94;4
92;94;2
93;94;4
94;94;7
95;94;7
96;94;7
97;94;6
98;94;4
99;94;6
0;95;4
1;95;4
2;95;4
3;95;2
4;95;4
5;95;2
6;95;2
7;95;4
8;95;4
9;95;6
10;95;4
11;95;4
12;95;4
13;95;4
14;95;4
15;95;6
16;95;7
17;95;7
18;95;7
19;95;7
20;95;7
21;95;7
22;95;7
23;95;7
24;95;7
25;95;7
26;95;7
27;95;7
28;95;7
29;95;7
30;95;7
31;95;7
32;95;7
33;95;7
34;95;7
35;95;7
36;95;7
37;95;7
38;95;7
39;95;7
40;95;7
41;95;7
42;95;6
43;95;7
44;95;7
45;95;7
46;95;7
47;95;6
48;95;2
49;95;2
50;95;2
51;95;2
52;95;2
53;95;2
54;95;2
55;95;2
56;95;2
57;95;2
58;95;2
59;95;4
60;95;6
61;95;6
62;95;4
63;95;2
64;95;2
65;95;4
66;95;7
67;95;7
68;95;7
69;95;7
70;95;7
71;95;7
72;95;7
73;95;7
74;95;6
75;95;7
76;95;4
77;95;2
78;95;2
79;95;2
80;95;2
81;95;4
82;95;4
83;95;4
84;95;4
85;95;4
86;95;4
87;95;4
88;95;4
89;95;2
90;95;2
91;95;4
92;95;2
93;95;4
94;95;7
95;95;6
96;95;7
97;95;6
98;95;4
99;95;4
0;96;4
1;96;4
2;96;4
3;96;4
4;96;2
5;96;2
6;96;4
7;96;4
8;96;4
9;96;4
10;96;4
11;96;4
12;96;4
13;96;2
14;96;4
15;96;7
16;96;7
17;96;7
18;96;7
19;96;7
20;96;4
21;96;7
22;96;7
23;96;7
24;96;7
25;96;7
26;96;7
27;96;7
28;96;7
29;96;7
30;96;7
31;96;7
32;96;7
33;96;7
34;96;7
35;96;7
36;96;6
37;96;7
38;96;7
39;96;7
40;96;7
41;96;7
42;96;7
43;96;7
44;96;7
45;96;7
46;96;7
47;96;7
48;96;4
49;96;4
50;96;4
51;96;4
52;96;2
53;96;2
54;96;2
55;96;2
56;96;2
57;96;2
58;96;4
59;96;2
60;96;2
61;96;2
62;96;4
63;96;4
64;96;2
65;96;4
66;96;4
67;96;7
68;96;7
69;96;7
70;96;7
71;96;7
72;96;7
73;96;7
74;96;4
75;96;4
76;96;4
77;96;2
78;96;2
79;96;4
80;96;4
81;96;4
82;96;4
83;96;4
84;96;4
85;96;4
86;96;4
87;96;4
88;96;2
89;96;2
90;96;2
91;96;4
92;96;4
93;96;4
94;96;7
95;96;6
96;96;4
97;96;4
98;96;4
99;96;4
0;97;4
1;97;4
2;97;2
3;97;2
4;97;4
5;97;4
6;97;4
7;97;4
8;97;4
9;97;4
10;97;4
11;97;4
12;97;4
13;97;4
14;97;4
15;97;6
16;97;7
17;97;7
18;97;7
19;97;4
20;97;4
21;97;7
22;97;7
23;97;7
24;97;7
25;97;7
26;97;7
27;97;7
28;97;7
29;97;7
30;97;7
31;97;7
32;97;7
33;97;7
34;97;7
35;97;7
36;97;7
37;97;7
38;97;7
39;97;7
40;97;7
41;97;7
42;97;7
43;97;7
44;97;7
45;97;7
46;97;7
47;97;4
48;97;6
49;97;4
50;97;2
51;97;2
52;97;2
53;97;2
54;97;2
55;97;4
56;97;4
57;97;4
58;97;4
59;97;2
60;97;2
61;97;6
62;97;7
63;97;6
64;97;2
65;97;2
66;97;4
67;97;7
68;97;7
69;97;7
70;97;7
71;97;7
72;97;7
73;97;7
74;97;4
75;97;4
76;97;2
77;97;2
78;97;2
79;97;6
80;97;7
81;97;4
82;97;2
83;97;4
84;97;4
85;97;4
86;97;7
87;97;7
88;97;4
89;97;2
90;97;2
91;97;2
92;97;4
93;97;6
94;97;7
95;97;6
96;97;4
97;97;4
98;97;4
99;97;4
0;98;4
1;98;4
2;98;2
3;98;4
4;98;4
5;98;4
6;98;4
7;98;4
8;98;4
9;98;4
10;98;4
11;98;4
12;98;4
13;98;4
14;98;4
15;98;4
16;98;4
17;98;4
18;98;4
19;98;2
20;98;4
21;98;7
22;98;6
23;98;7
24;98;7
25;98;7
26;98;7
27;98;7
28;98;7
29;98;7
30;98;7
31;98;7
32;98;7
33;98;7
34;98;7
35;98;7
36;98;7
37;98;7
38;98;7
39;98;7
40;98;7
41;98;6
42;98;5
43;98;7
44;98;6
45;98;6
46;98;6
47;98;4
48;98;2
49;98;2
50;98;4
51;98;4
52;98;4
53;98;2
54;98;4
55;98;7
56;98;4
57;98;2
58;98;2
59;98;4
60;98;4
61;98;4
62;98;7
63;98;6
64;98;2
65;98;2
66;98;4
67;98;7
68;98;7
69;98;7
70;98;7
71;98;7
72;98;7
73;98;6
74;98;2
75;98;4
76;98;2
77;98;2
78;98;2
79;98;4
80;98;4
81;98;4
82;98;2
83;98;4
84;98;6
85;98;4
86;98;4
87;98;7
88;98;4
89;98;2
90;98;2
91;98;2
92;98;4
93;98;6
94;98;7
95;98;6
96;98;4
97;98;4
98;98;4
99;98;4
0;99;4
1;99;4
2;99;4
3;99;4
4;99;4
5;99;4
6;99;4
7;99;4
8;99;4
9;99;4
10;99;4
11;99;4
12;99;4
13;99;4
14;99;4
15;99;4
16;99;4
17;99;4
18;99;2
19;99;2
20;99;4
21;99;7
22;99;7
23;99;7
24;99;7
25;99;7
26;99;7
27;99;7
28;99;7
29;99;7
30;99;7
31;99;7
32;99;7
33;99;7
34;99;7
35;99;7
36;99;7
37;99;7
38;99;7
39;99;7
40;99;7
41;99;7
42;99;4
43;99;4
44;99;4
45;99;4
46;99;2
47;99;2
48;99;2
49;99;4
50;99;7
51;99;7
52;99;6
53;99;2
54;99;4
55;99;6
56;99;4
57;99;2
58;99;4
59;99;4
60;99;4
61;99;6
62;99;4
63;99;7
64;99;4
65;99;2
66;99;4
67;99;7
68;99;7
69;99;7
70;99;7
71;99;7
72;99;7
73;99;7
74;99;2
75;99;2
76;99;2
77;99;2
78;99;4
79;99;4
80;99;4
81;99;4
82;99;2
83;99;4
84;99;4
85;99;4
86;99;4
87;99;7
88;99;4
89;99;2
90;99;2
91;99;2
92;99;2
93;99;4
94;99;7
95;99;6
96;99;4
97;99;4
98;99;4
99;99;4
